2 0.30859375 0.595015953125 0.30859375 0.621866671875 0.328125 0.623024146484375 0.328125 0.5938602421875 0.32812276953125 0.593858259765625 0.30859375 0.595015953125
2 0.357421875 0.60357701171875 0.33984375 0.601763783203125 0.33984375 0.6328125 0.357421875 0.6328125 0.357421875 0.60357701171875
2 0.375978794921875 0.604273435546875 0.373050224609375 0.6094832578125 0.373050224609375 0.647679685546875 0.3857421875 0.65983147265625 0.3906261171875 0.658094865234375 0.39453125 0.6476826640625 0.39453125 0.612954486328125 0.3896484375 0.604273435546875 0.375978794921875 0.604273435546875
2 0.27197265625 0.58474665234375 0.2578125 0.583025107421875 0.2578125 0.611176212890625 0.265625 0.636827009765625 0.265625 0.671550224609375 0.25927734375 0.68891183203125 0.2578125 0.7025333984375 0.2578125 0.763578677734375 0.258579064453125 0.763671875 0.2724687578125 0.763671875 0.2734375 0.760492189453125 0.2734375 0.633090060546875 0.27197265625 0.629885046875 0.27197265625 0.58474665234375
2 0.513739513671875 0.732739306640625 0.4882219453125 0.6491727578125 0.4882219453125 0.6310057109375 0.486328125 0.62836438671875 0.486328125 0.738973171875 0.5127823671875 0.7890625 0.515625 0.7890625 0.515625 0.7360277890625 0.513739513671875 0.732739306640625
2 0.45441007421875 0.833984375 0.4609375 0.817518607421875 0.4609375 0.71378755859375 0.453125 0.705338685546875 0.453125 0.61328125 0.4453125 0.61328125 0.4453125 0.833984375 0.45441007421875 0.833984375
2 0.296877232421875 0.599717634765625 0.29394866015625 0.587561384765625 0.28222991015625 0.587561384765625 0.27930133984375 0.592771205078125 0.281252232421875 0.6726328125 0.28320758984375 0.686521205078125 0.292970982421875 0.70040959765625 0.28613616015625 0.705619419921875 0.28320758984375 0.714297990234375 0.2851291953125 0.806640625 0.295718265625 0.806640625 0.298828125 0.801113962890625 0.298828125 0.801010775390625 0.29492633984375 0.717771205078125 0.296877232421875 0.599717634765625
2 0.275390625 0.34847777734375 0.275390625 0.55427491015625 0.278715623046875 0.55859375 0.294921875 0.557445279296875 0.294921875 0.35359166796875 0.291601341796875 0.351005421875 0.275390625 0.34847777734375
2 0.25 0.54690082421875 0.257522095703125 0.557185609375 0.26953125 0.556171646484375 0.26953125 0.33937325390625 0.25 0.333667642578125 0.25 0.54690082421875
2 0.30078125 0.566338759765625 0.302025556640625 0.568359375 0.317211095703125 0.568359375 0.326171875 0.56803004296875 0.326171875 0.36151341015625 0.30078125 0.3630999140625 0.30078125 0.566338759765625
2 0.333984375 0.35069988671875 0.333984375 0.563841189453125 0.336348771484375 0.56891777734375 0.357421875 0.570054990234375 0.357421875 0.346461748046875 0.355061943359375 0.34515959765625 0.333984375 0.35069988671875
2 0.40625 0.7223735703125 0.416155134765625 0.734985083984375 0.4199261796875 0.79321180078125 0.40625 0.845433076171875 0.40625 0.88038921875 0.42180309375 0.89767816015625 0.43359375 0.896855390625 0.43359375 0.6133924453125 0.40625 0.6133924453125 0.40625 0.7223735703125
2 0.365234375 0.580078125 0.36638333984375 0.580078125 0.39453125 0.578924890625 0.39453125 0.3385227890625 0.365234375 0.337195984375 0.365234375 0.580078125
2 0.44140625 0.36906182421875 0.44140625 0.58203125 0.4564900390625 0.58203125 0.458028154296875 0.581903919921875 0.47265625 0.578269529296875 0.47265625 0.392949388671875 0.47149044921875 0.39097769921875 0.44140625 0.36906182421875
2 0.401736884765625 0.33691183203125 0.400390625 0.346134994140625 0.400390625 0.42416528515625 0.405031529296875 0.578233259765625 0.417115236328125 0.58344308203125 0.431398716796875 0.581706474609375 0.431640625 0.55765066796875 0.431640625 0.3561510625 0.428104072265625 0.343858259765625 0.401736884765625 0.33691183203125
2 0.23349162890625 0.3436618984375 0.22201701953125 0.32354709375 0.211978376953125 0.325219736328125 0.21054241015625 0.39395753125 0.203369140625 0.385572771484375 0.206241072265625 0.368811869140625 0.200503767578125 0.325219736328125 0.19333049609375 0.31683928515625 0.189029158203125 0.321870142578125 0.189029158203125 0.388926673828125 0.18359375 0.389834064453125 0.18359375 0.467721873046875 0.18472126171875 0.467721873046875 0.18759319140625 0.457664470703125 0.189029158203125 0.466044919921875 0.20193317578125 0.4777792734375 0.21340778515625 0.467721873046875 0.22201701953125 0.47107577734375 0.226318359375 0.466044919921875 0.226318359375 0.358750158203125 0.23349162890625 0.347015802734375 0.240664900390625 0.5163405546875 0.2435302734375 0.536455357421875 0.24609375 0.536455357421875 0.24609375 0.33054526953125 0.23922893359375 0.3268966875 0.23349162890625 0.3436618984375