2 0.21750022265625 0.499891740234375 0.2210849609375 0.57454352734375 0.2265625 0.590485765625 0.2265625 0.52412529296875 0.223469330078125 0.50162834765625 0.21750022265625 0.499891740234375
2 0.1640625 0.2886655546875 0.1640625 0.36556848046875 0.173828125 0.369983330078125 0.173828125 0.294238240234375 0.172466607421875 0.289930615234375 0.1640625 0.2886655546875
2 0.15818838671875 0.423828125 0.16015625 0.423828125 0.16015625 0.388092318359375 0.158402501953125 0.387579001953125 0.158402501953125 0.314453125 0.150390625 0.314453125 0.150390625 0.411654724609375 0.15818838671875 0.423828125
2 0.490234375 0.783379791015625 0.4925206484375 0.78307327734375 0.513671875 0.760034908203125 0.513671875 0.72454180859375 0.490234375 0.72454180859375 0.490234375 0.783379791015625
2 0.37109375 0.8671875 0.379281900390625 0.8671875 0.381384826171875 0.86697098046875 0.396484375 0.865979158203125 0.396484375 0.809676337890625 0.37109375 0.809676337890625 0.37109375 0.8671875
2 0.26171875 0.579840705078125 0.283203125 0.582693119140625 0.283203125 0.50231415625 0.26171875 0.500293560546875 0.26171875 0.579840705078125
2 0.331869791015625 0.5106316953125 0.328125 0.51633837109375 0.328125 0.58471575390625 0.328453125 0.595703125 0.3515625 0.595703125 0.3515625 0.51286334375 0.35009895703125 0.5106316953125 0.331869791015625 0.5106316953125
2 0.186450546875 0.455078125 0.19921875 0.455078125 0.19921875 0.299408833984375 0.19609375 0.29683173828125 0.19609375 0.271269275390625 0.181721875 0.265625 0.1796875 0.265625 0.1796875 0.441447294921875 0.186450546875 0.455078125
2 0.201171875 0.26640526171875 0.201171875 0.436682421875 0.204108818359375 0.4583111328125 0.21508761328125 0.466825615234375 0.224609375 0.467879845703125 0.224609375 0.2811614765625 0.2194871640625 0.26924496875 0.201171875 0.26640526171875
2 0.251627603515625 0.502880091796875 0.2364110859375 0.49771605859375 0.234375 0.499235724609375 0.234375 0.5698906953125 0.235026041015625 0.575154416015625 0.235026041015625 0.623338775390625 0.240559896484375 0.64399048046875 0.240559896484375 0.709383853515625 0.24470870703125 0.7179861484375 0.251627603515625 0.7162648046875 0.2578125 0.714726072265625 0.2578125 0.563209892578125 0.257161458984375 0.54417907421875 0.251627603515625 0.502880091796875
2 0.4375 0.29486554296875 0.4375 0.3838053984375 0.439254765625 0.484375 0.44261721875 0.489584822265625 0.46167965625 0.48784821484375 0.462890625 0.4840982734375 0.462890625 0.393774978515625 0.45943973046875 0.338540177734375 0.4375 0.29486554296875
2 0.241568041015625 0.267036830078125 0.2265625 0.267036830078125 0.2265625 0.4629092265625 0.226656544921875 0.463215400390625 0.235836583984375 0.470703125 0.248046875 0.470703125 0.248046875 0.272315505859375 0.241568041015625 0.267036830078125
2 0.36328125 0.62911320703125 0.383061384765625 0.671658482421875 0.39453125 0.687657876953125 0.39453125 0.513671875 0.36328125 0.513671875 0.36328125 0.62911320703125
2 0.251953125 0.462856712890625 0.25248032421875 0.468808095703125 0.258532939453125 0.47396824609375 0.28125 0.47294923828125 0.28125 0.27118766015625 0.251953125 0.273681201171875 0.251953125 0.462856712890625
2 0.303433671875 0.242841986328125 0.28515625 0.249793482421875 0.28515625 0.424882486328125 0.28655484765625 0.4546511328125 0.293524279296875 0.478515625 0.3125 0.478515625 0.3125 0.2472761328125 0.303433671875 0.242841986328125
2 0.294921875 0.506188615234375 0.294921875 0.71261508984375 0.29638678125 0.757920759765625 0.30416082421875 0.76953125 0.311176041015625 0.76953125 0.322265625 0.768621109375 0.322265625 0.528307814453125 0.31428766015625 0.506188615234375 0.294921875 0.506188615234375
2 0.31640625 0.393945802734375 0.31987847265625 0.45746920703125 0.32693303515625 0.483711419921875 0.338165595703125 0.484375 0.3515625 0.484375 0.3515625 0.293007990234375 0.34809027734375 0.23702201171875 0.344383912109375 0.232421875 0.32713162109375 0.232421875 0.31640625 0.235083818359375 0.31640625 0.393945802734375
2 0.444973126953125 0.678776962890625 0.443359375 0.688216142578125 0.443359375 0.80078125 0.4565806875 0.80078125 0.473288515625 0.793942947265625 0.4765625 0.79046130078125 0.4765625 0.59005346484375 0.4649644921875 0.56537876953125 0.4616287890625 0.519311462890625 0.4466117890625 0.515625 0.443359375 0.515625 0.443359375 0.674201265625 0.444973126953125 0.678776962890625
2 0.392578125 0.250137564453125 0.392578125 0.481780310546875 0.3989712734375 0.48828125 0.42720571484375 0.48828125 0.431640625 0.48808533984375 0.431640625 0.269680681640625 0.427490515625 0.263780134765625 0.392578125 0.250137564453125
2 0.38234994921875 0.2362198671875 0.355625244140625 0.2292734375 0.353515625 0.232838716796875 0.353515625 0.294679763671875 0.36076623828125 0.484483259765625 0.385437365234375 0.487956474609375 0.390625 0.482111701171875 0.390625 0.444115125 0.385437365234375 0.24837165234375 0.38234994921875 0.2362198671875
2 0.40234375 0.519532228515625 0.40234375 0.804915171875 0.406480095703125 0.84375 0.412114962890625 0.84375 0.414813171875 0.820131470703125 0.43411111328125 0.78216683984375 0.435546875 0.774978017578125 0.435546875 0.671854818359375 0.42308191796875 0.640652623046875 0.42308191796875 0.623394359375 0.427216291015625 0.618215548828125 0.435546875 0.6197049765625 0.435546875 0.52398992578125 0.432730888671875 0.51812294140625 0.40234375 0.519532228515625