2 0.217772322265625 0.5 0.220705357421875 0.57465178515625 0.2265625 0.595486607421875 0.2265625 0.536459822265625 0.22265625 0.501736607421875 0.217772322265625 0.5
2 0.169924107421875 0.286459822265625 0.166991072265625 0.28472321484375 0.1640625 0.289928572265625 0.166017857421875 0.366321427734375 0.171875 0.376736607421875 0.173830357421875 0.335071427734375 0.169924107421875 0.286459822265625
2 0.16015625 0.42534821484375 0.16015625 0.390625 0.15625 0.38715178515625 0.15625 0.317709822265625 0.153321427734375 0.31597321484375 0.150392857421875 0.321178572265625 0.150392857421875 0.39409821484375 0.15625 0.421875 0.16015625 0.42534821484375
2 0.513674107421875 0.741321427734375 0.510741072265625 0.72222321484375 0.497071427734375 0.72222321484375 0.494142857421875 0.727428572265625 0.490236607421875 0.782986607421875 0.493165177734375 0.788196427734375 0.498049107421875 0.786459822265625 0.513674107421875 0.741321427734375
2 0.375977677734375 0.868053572265625 0.3828125 0.866321427734375 0.393553572265625 0.864584822265625 0.396486607421875 0.859375 0.396486607421875 0.821178572265625 0.393553572265625 0.80902678515625 0.377928572265625 0.80902678515625 0.37109375 0.817709822265625 0.37109375 0.86284821484375 0.375977677734375 0.868053572265625
2 0.283205357421875 0.508678572265625 0.280272322265625 0.50347321484375 0.264647322265625 0.5 0.26171875 0.505209822265625 0.263674107421875 0.571178572265625 0.266602677734375 0.579861607421875 0.283205357421875 0.585071427734375 0.283205357421875 0.508678572265625
2 0.348633927734375 0.510415177734375 0.333008927734375 0.510415177734375 0.328125 0.51909821484375 0.330080357421875 0.595486607421875 0.3515625 0.595486607421875 0.3515625 0.515625 0.348633927734375 0.510415177734375
2 0.18359375 0.41840178515625 0.189455357421875 0.45659821484375 0.1953125 0.45659821484375 0.19921875 0.435763392578125 0.1953125 0.397571427734375 0.1953125 0.310763392578125 0.19140625 0.30034821484375 0.19140625 0.276040177734375 0.184571427734375 0.267361607421875 0.1796875 0.279513392578125 0.18359375 0.41840178515625
2 0.201174107421875 0.328125 0.208986607421875 0.460071427734375 0.213866072265625 0.46875 0.220705357421875 0.470486607421875 0.224611607421875 0.45659821484375 0.224611607421875 0.432290177734375 0.220705357421875 0.38715178515625 0.21875 0.282986607421875 0.215821427734375 0.267361607421875 0.206053572265625 0.263888392578125 0.201174107421875 0.26909821484375 0.201174107421875 0.328125
2 0.23828125 0.57465178515625 0.23828125 0.623263392578125 0.2421875 0.64409821484375 0.2421875 0.710071427734375 0.245116072265625 0.71875 0.25 0.717013392578125 0.254883927734375 0.71527678515625 0.2578125 0.70659821484375 0.25390625 0.54340178515625 0.25 0.501736607421875 0.239258927734375 0.49652678515625 0.234375 0.501736607421875 0.234375 0.529513392578125 0.23828125 0.57465178515625
2 0.46484375 0.473959822265625 0.46484375 0.446178572265625 0.458986607421875 0.338540177734375 0.438477677734375 0.291665177734375 0.44140625 0.484375 0.444334822265625 0.489584822265625 0.4609375 0.48784821484375 0.46484375 0.473959822265625
2 0.237303572265625 0.47222321484375 0.248049107421875 0.470486607421875 0.248049107421875 0.282986607421875 0.239258927734375 0.267361607421875 0.227540177734375 0.267361607421875 0.2265625 0.348959822265625 0.23046875 0.376736607421875 0.23046875 0.44965178515625 0.232424107421875 0.463540177734375 0.237303572265625 0.47222321484375
2 0.3671875 0.609375 0.380861607421875 0.671875 0.38671875 0.689236607421875 0.392580357421875 0.692709822265625 0.39453125 0.664928572265625 0.390625 0.595486607421875 0.390625 0.51909821484375 0.387696427734375 0.513888392578125 0.366209822265625 0.513888392578125 0.36328125 0.522571427734375 0.36328125 0.564236607421875 0.3671875 0.609375
2 0.279299107421875 0.289928572265625 0.274415177734375 0.270834822265625 0.254883927734375 0.274303572265625 0.251955357421875 0.286459822265625 0.259767857421875 0.470486607421875 0.262696427734375 0.475696427734375 0.28125 0.473959822265625 0.279299107421875 0.289928572265625
2 0.3125 0.477428572265625 0.3125 0.314236607421875 0.30859375 0.248263392578125 0.301758927734375 0.243053572265625 0.290040177734375 0.25 0.28515625 0.258678572265625 0.291017857421875 0.453125 0.295897322265625 0.479165177734375 0.3125 0.477428572265625
2 0.318361607421875 0.76909821484375 0.322267857421875 0.76215178515625 0.322267857421875 0.696178572265625 0.31640625 0.529513392578125 0.311522322265625 0.506946427734375 0.295897322265625 0.506946427734375 0.30078125 0.758678572265625 0.305665177734375 0.770834822265625 0.318361607421875 0.76909821484375
2 0.329102677734375 0.482638392578125 0.349611607421875 0.484375 0.3515625 0.41840178515625 0.34375 0.23784821484375 0.340821427734375 0.232638392578125 0.331053572265625 0.232638392578125 0.321290177734375 0.236111607421875 0.31640625 0.251736607421875 0.32421875 0.45659821484375 0.329102677734375 0.482638392578125
2 0.4453125 0.651040177734375 0.451174107421875 0.678821427734375 0.447267857421875 0.717013392578125 0.447267857421875 0.796875 0.450196427734375 0.802084822265625 0.455080357421875 0.80034821484375 0.467772322265625 0.791665177734375 0.4765625 0.776040177734375 0.4765625 0.616321427734375 0.462892857421875 0.567709822265625 0.4609375 0.522571427734375 0.448241072265625 0.517361607421875 0.443361607421875 0.536459822265625 0.4453125 0.651040177734375
2 0.3984375 0.467013392578125 0.400392857421875 0.48090178515625 0.405272322265625 0.489584822265625 0.427736607421875 0.48784821484375 0.431642857421875 0.48090178515625 0.431642857421875 0.446178572265625 0.42578125 0.276040177734375 0.420897322265625 0.263888392578125 0.395508927734375 0.24652678515625 0.392580357421875 0.258678572265625 0.3984375 0.366321427734375 0.3984375 0.467013392578125
2 0.384767857421875 0.48784821484375 0.390625 0.48090178515625 0.384767857421875 0.248263392578125 0.381834822265625 0.236111607421875 0.356446427734375 0.229165177734375 0.353517857421875 0.234375 0.353517857421875 0.26909821484375 0.361330357421875 0.484375 0.384767857421875 0.48784821484375
2 0.431642857421875 0.619790177734375 0.431642857421875 0.526040177734375 0.428709822265625 0.517361607421875 0.40234375 0.51909821484375 0.40625 0.79340178515625 0.41015625 0.845486607421875 0.4140625 0.845486607421875 0.416017857421875 0.821178572265625 0.4296875 0.782986607421875 0.43359375 0.755209822265625 0.435549107421875 0.689236607421875 0.421875 0.640625 0.421875 0.623263392578125 0.424803572265625 0.618053572265625 0.431642857421875 0.619790177734375