2 0.258790177734375 0.55902678515625 0.2734375 0.557290177734375 0.2734375 0.432290177734375 0.271486607421875 0.41840178515625 0.264647322265625 0.413196427734375 0.25 0.428821427734375 0.25 0.484375 0.25390625 0.51909821484375 0.251955357421875 0.522571427734375 0.258790177734375 0.55902678515625
2 0.616209822265625 0.75347321484375 0.625977677734375 0.774303572265625 0.630861607421875 0.772571427734375 0.6328125 0.713540177734375 0.623049107421875 0.685763392578125 0.609375 0.664928572265625 0.594727677734375 0.618053572265625 0.591799107421875 0.626736607421875 0.591799107421875 0.647571427734375 0.595705357421875 0.727428572265625 0.616209822265625 0.75347321484375
2 0.295897322265625 0.56597321484375 0.306642857421875 0.564236607421875 0.3125 0.546875 0.306642857421875 0.529513392578125 0.30078125 0.376736607421875 0.295897322265625 0.37152678515625 0.28125 0.390625 0.283205357421875 0.498263392578125 0.291017857421875 0.560763392578125 0.295897322265625 0.56597321484375
2 0.19140625 0.446178572265625 0.186522322265625 0.4375 0.176758927734375 0.4375 0.17578125 0.48784821484375 0.181642857421875 0.55034821484375 0.193361607421875 0.55034821484375 0.193361607421875 0.473959822265625 0.196290177734375 0.47222321484375 0.203125 0.55034821484375 0.206053572265625 0.555553572265625 0.21875 0.553821427734375 0.21875 0.48784821484375 0.21484375 0.446178572265625 0.216799107421875 0.439236607421875 0.212892857421875 0.42534821484375 0.206053572265625 0.420138392578125 0.197267857421875 0.432290177734375 0.194334822265625 0.46527678515625 0.19140625 0.446178572265625
2 0.294924107421875 0.664928572265625 0.296875 0.758678572265625 0.301758927734375 0.774303572265625 0.317383927734375 0.791665177734375 0.3203125 0.789928572265625 0.322267857421875 0.727428572265625 0.314455357421875 0.682290177734375 0.3125 0.595486607421875 0.309571427734375 0.59027678515625 0.291991072265625 0.59027678515625 0.2890625 0.598959822265625 0.2890625 0.63715178515625 0.294924107421875 0.664928572265625
2 0.283205357421875 0.67534821484375 0.28125 0.592013392578125 0.278321427734375 0.586803572265625 0.258790177734375 0.586803572265625 0.2578125 0.63715178515625 0.26171875 0.657986607421875 0.259767857421875 0.67534821484375 0.263674107421875 0.696178572265625 0.263674107421875 0.734375 0.26953125 0.755209822265625 0.26953125 0.789928572265625 0.274415177734375 0.805553572265625 0.279299107421875 0.803821427734375 0.287111607421875 0.79340178515625 0.287111607421875 0.755209822265625 0.29296875 0.741321427734375 0.2890625 0.73090178515625 0.291017857421875 0.723959822265625 0.287111607421875 0.717013392578125 0.2890625 0.713540177734375 0.283205357421875 0.67534821484375
2 0.14453125 0.501736607421875 0.141602677734375 0.50347321484375 0.138674107421875 0.494790177734375 0.138674107421875 0.435763392578125 0.127928572265625 0.423611607421875 0.124022322265625 0.43402678515625 0.116209822265625 0.430553572265625 0.11328125 0.45659821484375 0.119142857421875 0.522571427734375 0.135741072265625 0.53125 0.143553572265625 0.506946427734375 0.150392857421875 0.536459822265625 0.155272322265625 0.538196427734375 0.16015625 0.522571427734375 0.158205357421875 0.508678572265625 0.161133927734375 0.506946427734375 0.1640625 0.526040177734375 0.169924107421875 0.536459822265625 0.173830357421875 0.522571427734375 0.173830357421875 0.501736607421875 0.16796875 0.435763392578125 0.165040177734375 0.430553572265625 0.155272322265625 0.43402678515625 0.149415177734375 0.423611607421875 0.142580357421875 0.428821427734375 0.14453125 0.501736607421875
2 0.36328125 0.772571427734375 0.366209822265625 0.78125 0.375977677734375 0.774303572265625 0.390625 0.779513392578125 0.390625 0.678821427734375 0.384767857421875 0.598959822265625 0.377928572265625 0.59375 0.360352677734375 0.59375 0.357424107421875 0.598959822265625 0.357424107421875 0.623263392578125 0.361330357421875 0.664928572265625 0.36328125 0.772571427734375
2 0.466799107421875 0.359375 0.47265625 0.45659821484375 0.4765625 0.477428572265625 0.4765625 0.532986607421875 0.478517857421875 0.55034821484375 0.484375 0.564236607421875 0.4921875 0.564236607421875 0.5 0.553821427734375 0.5 0.48090178515625 0.494142857421875 0.439236607421875 0.494142857421875 0.359375 0.489258927734375 0.34375 0.469727677734375 0.336803572265625 0.466799107421875 0.342013392578125 0.466799107421875 0.359375
2 0.314455357421875 0.51215178515625 0.318361607421875 0.553821427734375 0.322267857421875 0.564236607421875 0.331053572265625 0.569446427734375 0.341799107421875 0.567709822265625 0.34375 0.501736607421875 0.337892857421875 0.453125 0.3359375 0.359375 0.333986607421875 0.348959822265625 0.329102677734375 0.34722321484375 0.310549107421875 0.36284821484375 0.31640625 0.48784821484375 0.314455357421875 0.51215178515625
2 0.323241072265625 0.59375 0.3203125 0.609375 0.32421875 0.64409821484375 0.32421875 0.696178572265625 0.330080357421875 0.789928572265625 0.336915177734375 0.798611607421875 0.35546875 0.796875 0.357424107421875 0.76909821484375 0.3515625 0.717013392578125 0.353517857421875 0.69965178515625 0.349611607421875 0.67534821484375 0.3515625 0.657986607421875 0.34765625 0.602428572265625 0.342772322265625 0.59375 0.323241072265625 0.59375
2 0.484375 0.685763392578125 0.48828125 0.86284821484375 0.500977677734375 0.861111607421875 0.51171875 0.866321427734375 0.51171875 0.796875 0.50390625 0.67534821484375 0.50390625 0.623263392578125 0.499022322265625 0.600696427734375 0.487303572265625 0.59722321484375 0.48046875 0.60590178515625 0.48046875 0.63715178515625 0.484375 0.685763392578125
2 0.34375 0.369790177734375 0.349611607421875 0.41840178515625 0.349611607421875 0.470486607421875 0.35546875 0.557290177734375 0.358397322265625 0.569446427734375 0.37890625 0.567709822265625 0.3828125 0.557290177734375 0.3828125 0.501736607421875 0.376955357421875 0.460071427734375 0.373049107421875 0.33159821484375 0.368165177734375 0.326388392578125 0.348633927734375 0.336803572265625 0.34375 0.345486607421875 0.34375 0.369790177734375
2 0.404299107421875 0.807290177734375 0.422852677734375 0.836803572265625 0.431642857421875 0.838540177734375 0.43359375 0.779513392578125 0.4296875 0.744790177734375 0.42578125 0.602428572265625 0.422852677734375 0.59722321484375 0.401366072265625 0.59375 0.396486607421875 0.598959822265625 0.396486607421875 0.664928572265625 0.404299107421875 0.807290177734375
2 0.383790177734375 0.322915177734375 0.3828125 0.373263392578125 0.388674107421875 0.421875 0.390625 0.55034821484375 0.397459822265625 0.569446427734375 0.419924107421875 0.567709822265625 0.423830357421875 0.557290177734375 0.423830357421875 0.532986607421875 0.416017857421875 0.421875 0.41796875 0.404513392578125 0.4140625 0.373263392578125 0.4140625 0.338540177734375 0.407227677734375 0.322915177734375 0.383790177734375 0.322915177734375
2 0.421875 0.345486607421875 0.4296875 0.446178572265625 0.4296875 0.494790177734375 0.4375 0.567709822265625 0.458986607421875 0.567709822265625 0.46484375 0.553821427734375 0.46484375 0.522571427734375 0.45703125 0.397571427734375 0.45703125 0.345486607421875 0.455080357421875 0.335071427734375 0.450196427734375 0.329861607421875 0.424803572265625 0.329861607421875 0.421875 0.345486607421875
2 0.44140625 0.723959822265625 0.44921875 0.991321427734375 0.452147322265625 0.99652678515625 0.458986607421875 0.994790177734375 0.4765625 0.946178572265625 0.4765625 0.848959822265625 0.46875 0.626736607421875 0.465821427734375 0.600696427734375 0.438477677734375 0.59722321484375 0.435549107421875 0.602428572265625 0.4375 0.692709822265625 0.44140625 0.723959822265625
2 0.203125 0.932290177734375 0.206053572265625 0.944446427734375 0.21484375 0.939236607421875 0.212892857421875 0.880209822265625 0.215821427734375 0.861111607421875 0.22265625 0.866321427734375 0.2265625 0.901040177734375 0.229491072265625 0.90625 0.234375 0.901040177734375 0.232424107421875 0.869790177734375 0.236330357421875 0.85590178515625 0.236330357421875 0.76909821484375 0.232424107421875 0.755209822265625 0.235352677734375 0.74652678515625 0.2421875 0.786459822265625 0.2421875 0.859375 0.245116072265625 0.87152678515625 0.25 0.869790177734375 0.263674107421875 0.835071427734375 0.263674107421875 0.810763392578125 0.259767857421875 0.803821427734375 0.259767857421875 0.76909821484375 0.265625 0.758678572265625 0.255861607421875 0.741321427734375 0.255861607421875 0.685763392578125 0.251955357421875 0.664928572265625 0.25 0.588540177734375 0.247071427734375 0.583334822265625 0.233397322265625 0.579861607421875 0.23046875 0.585071427734375 0.23046875 0.60590178515625 0.225584822265625 0.611111607421875 0.22265625 0.60590178515625 0.22265625 0.58159821484375 0.217772322265625 0.572915177734375 0.206053572265625 0.579861607421875 0.204102677734375 0.59027678515625 0.196290177734375 0.576388392578125 0.186522322265625 0.572915177734375 0.180665177734375 0.607638392578125 0.177736607421875 0.585071427734375 0.172852677734375 0.576388392578125 0.151366072265625 0.583334822265625 0.139647322265625 0.576388392578125 0.13671875 0.58159821484375 0.13671875 0.609375 0.140625 0.619790177734375 0.138674107421875 0.64409821484375 0.140625 0.654513392578125 0.145508927734375 0.663196427734375 0.149415177734375 0.65972321484375 0.150392857421875 0.66840178515625 0.154299107421875 0.671875 0.158205357421875 0.727428572265625 0.155272322265625 0.743053572265625 0.1484375 0.734375 0.146486607421875 0.69965178515625 0.143553572265625 0.694446427734375 0.140625 0.69965178515625 0.140625 0.744790177734375 0.137696427734375 0.74652678515625 0.13671875 0.73784821484375 0.131834822265625 0.732638392578125 0.1328125 0.758678572265625 0.127928572265625 0.767361607421875 0.125 0.76215178515625 0.125 0.696178572265625 0.119142857421875 0.682290177734375 0.119142857421875 0.654513392578125 0.115236607421875 0.651040177734375 0.119142857421875 0.640625 0.112303572265625 0.625 0.107424107421875 0.626736607421875 0.107424107421875 0.671875 0.111330357421875 0.703125 0.107424107421875 0.776040177734375 0.111330357421875 0.786459822265625 0.109375 0.835071427734375 0.1171875 0.935763392578125 0.1171875 0.970486607421875 0.124022322265625 0.986111607421875 0.125977677734375 0.979165177734375 0.12890625 0.98090178515625 0.125977677734375 0.989584822265625 0.137696427734375 0.989584822265625 0.143553572265625 0.96875 0.145508927734375 0.975696427734375 0.149415177734375 0.975696427734375 0.1484375 0.92534821484375 0.151366072265625 0.923611607421875 0.15625 0.977428572265625 0.161133927734375 0.989584822265625 0.166991072265625 0.982638392578125 0.176758927734375 0.986111607421875 0.181642857421875 0.98090178515625 0.184571427734375 0.96875 0.190428572265625 0.986111607421875 0.197267857421875 0.98784821484375 0.201174107421875 0.94965178515625 0.1953125 0.942709822265625 0.193361607421875 0.928821427734375 0.197267857421875 0.921875 0.1953125 0.89409821484375 0.198241072265625 0.888888392578125 0.203125 0.897571427734375 0.203125 0.932290177734375