2 0.26537946484375 0.412979908203125 0.25 0.42610471875 0.25 0.50499241015625 0.251953125 0.5188816953125 0.25 0.521663447265625 0.25 0.52442650390625 0.25754956640625 0.556640625 0.2734375 0.556640625 0.2734375 0.417886263671875 0.26537946484375 0.412979908203125
2 0.606865775390625 0.6665542421875 0.591796875 0.641237197265625 0.591796875 0.7343722890625 0.6195593359375 0.75288526953125 0.6328125 0.767722931640625 0.6328125 0.687691630859375 0.63226118359375 0.686868193359375 0.606865775390625 0.6665542421875
2 0.30078125 0.376736607421875 0.295897322265625 0.37152678515625 0.28125 0.390625 0.283205357421875 0.498263392578125 0.291017857421875 0.560763392578125 0.295897322265625 0.56597321484375 0.306642857421875 0.564236607421875 0.3125 0.546875 0.306642857421875 0.529513392578125 0.30078125 0.376736607421875
2 0.216444501953125 0.425889509765625 0.208050833984375 0.4206796875 0.197268365234375 0.43283147265625 0.19366873046875 0.465818080078125 0.19007457421875 0.4467198671875 0.184080662109375 0.438041294921875 0.17578125 0.438041294921875 0.17578125 0.5308116171875 0.178092228515625 0.550889509765625 0.192474330078125 0.550889509765625 0.192474330078125 0.4745011171875 0.196068484375 0.472764509765625 0.20445667578125 0.550889509765625 0.2070790859375 0.5546875 0.21875 0.5546875 0.21875 0.432568576171875 0.216444501953125 0.425889509765625
2 0.316923349609375 0.596027900390625 0.312099947265625 0.590818078125 0.2890625 0.590818078125 0.2890625 0.6971827265625 0.291188736328125 0.759219865234375 0.299232640625 0.774844865234375 0.322265625 0.79038384375 0.322265625 0.690274625 0.320143853515625 0.682831470703125 0.316923349609375 0.596027900390625
2 0.282066341796875 0.588638474609375 0.2578125 0.588638474609375 0.2578125 0.748991421875 0.262044271484375 0.75554109765625 0.262044271484375 0.789949857421875 0.27263153125 0.8046875 0.2780150234375 0.8046875 0.284293279296875 0.803718669921875 0.29296875 0.79868425 0.29296875 0.672274015625 0.288736978515625 0.59380177734375 0.282066341796875 0.588638474609375
2 0.152062365234375 0.425030818359375 0.14214096484375 0.430063033203125 0.144972875 0.5004925 0.14072176953125 0.50216990625 0.13647066796875 0.49378287890625 0.13647066796875 0.43676834375 0.120872490234375 0.425030818359375 0.11520219140625 0.4350909375 0.11328125 0.4345226796875 0.11328125 0.522413033203125 0.1322130859375 0.528999767578125 0.143553681640625 0.505524716796875 0.153481560546875 0.534031984375 0.16056457421875 0.535709388671875 0.16765406640625 0.520617052734375 0.16482215625 0.507197810546875 0.169073259765625 0.505524716796875 0.17332436328125 0.52396755078125 0.173828125 0.524563421875 0.173828125 0.431952724609375 0.16056457421875 0.4350909375 0.152062365234375 0.425030818359375
2 0.357421875 0.595703125 0.357421875 0.776375458984375 0.35931709375 0.779296875 0.377704224609375 0.7724951640625 0.390625 0.77488569921875 0.390625 0.599367671875 0.381376611328125 0.595703125 0.357421875 0.595703125
2 0.466796875 0.34403064453125 0.466796875 0.47251540234375 0.468522109375 0.476560751953125 0.468522109375 0.5297332109375 0.472778041015625 0.546349337890625 0.485526404296875 0.559641384765625 0.5 0.559641384765625 0.5 0.354029015625 0.496156515625 0.3486221328125 0.466796875 0.34403064453125
2 0.3392181171875 0.34831026953125 0.33059916796875 0.346573662109375 0.310546875 0.3561427734375 0.310546875 0.5465413828125 0.31164378515625 0.553171875 0.3185373671875 0.5635870546875 0.332740001953125 0.568359375 0.33881940234375 0.568359375 0.34375 0.56790784375 0.34375 0.38831240625 0.34266096875 0.358725447265625 0.3392181171875 0.34831026953125
2 0.32175655078125 0.795182990234375 0.324209765625 0.796875 0.357421875 0.796875 0.357421875 0.608073357421875 0.3559822890625 0.596957380859375 0.350633072265625 0.591796875 0.3203125 0.591796875 0.3203125 0.7826440703125 0.32175655078125 0.795182990234375
2 0.5048828125 0.62261383984375 0.49938839453125 0.600046875 0.48620480078125 0.596573662109375 0.48046875 0.603047791015625 0.48046875 0.658107390625 0.48291015625 0.68511383984375 0.4873046875 0.862198662109375 0.50158816796875 0.8604620546875 0.51171875 0.864829796875 0.51171875 0.769219494140625 0.5048828125 0.674698662109375 0.5048828125 0.62261383984375
2 0.37695625 0.332206396484375 0.370118748046875 0.3270384375 0.34375 0.337001533203125 0.34375 0.41599871875 0.34414375 0.4183124453125 0.34414375 0.469978732421875 0.35234375 0.55608478125 0.356443751953125 0.56814334765625 0.3828125 0.566561314453125 0.3828125 0.461600357421875 0.382425 0.45964724609375 0.37695625 0.332206396484375
2 0.43200184375 0.745114953125 0.427478779296875 0.60275334765625 0.4240877734375 0.597547990234375 0.399208341796875 0.594074775390625 0.396484375 0.596586544921875 0.396484375 0.71130046875 0.402604515625 0.807614953125 0.4240877734375 0.83712834765625 0.428555455078125 0.837890625 0.43359375 0.837890625 0.43359375 0.7573358984375 0.43200184375 0.745114953125
2 0.418666681640625 0.33843191796875 0.40890280859375 0.32280691796875 0.3828125 0.32280691796875 0.3828125 0.440867892578125 0.3851850859375 0.550239955078125 0.3944485546875 0.568359375 0.413036400390625 0.568359375 0.423828125 0.56777538671875 0.423828125 0.445343189453125 0.42146000390625 0.421766740234375 0.423828125 0.40701423828125 0.423828125 0.402059689453125 0.418666681640625 0.3731551328125 0.418666681640625 0.33843191796875
2 0.43104610546875 0.56640625 0.46484375 0.56640625 0.46484375 0.33170601953125 0.458238205078125 0.328125 0.421875 0.328125 0.421875 0.52290308984375 0.43104610546875 0.56640625
2 0.441408216796875 0.994168376953125 0.44369591796875 0.99609375 0.4635573125 0.99609375 0.4765625 0.979061974609375 0.4765625 0.59778585546875 0.474407587890625 0.59765625 0.435546875 0.59765625 0.435546875 0.8991895546875 0.441408216796875 0.994168376953125
2 0.26127562109375 0.584259498046875 0.24439396484375 0.580802564453125 0.24077843359375 0.585987962890625 0.24077843359375 0.6067206796875 0.234748876953125 0.611906080078125 0.231133345703125 0.6067206796875 0.231133345703125 0.58253103125 0.2251037890625 0.5738886953125 0.210636158203125 0.580802564453125 0.208227638671875 0.591168921875 0.198582552734375 0.57734562890625 0.186523439453125 0.5738886953125 0.179292376953125 0.608449146484375 0.17567684765625 0.585987962890625 0.1696472890625 0.57734562890625 0.143120544921875 0.584259498046875 0.1286529140625 0.57734562890625 0.1250373828125 0.58253103125 0.1250373828125 0.61017761328125 0.12985992578125 0.620543970703125 0.12745141015625 0.644738064453125 0.12985992578125 0.655104421875 0.135889482421875 0.663746755859375 0.140712025390625 0.660289822265625 0.141919041015625 0.668927712890625 0.1467415859375 0.672384646484375 0.15156412890625 0.727677814453125 0.147943087890625 0.743229572265625 0.139505013671875 0.7345916796875 0.137096498046875 0.700031228515625 0.13347545703125 0.694850271484375 0.12985992578125 0.700031228515625 0.12985992578125 0.744958037109375 0.12624439453125 0.74668650390625 0.1250373828125 0.738048615234375 0.119007826171875 0.732863212890625 0.120214837890625 0.758781330078125 0.11418528125 0.7674236640625 0.11056975 0.76223826171875 0.11056975 0.696574296875 0.107421875 0.69055664453125 0.107421875 0.981571181640625 0.10936273828125 0.98514828125 0.111776763671875 0.978234412109375 0.115392294921875 0.97996287890625 0.111776763671875 0.98860521484375 0.12624439453125 0.98860521484375 0.13347545703125 0.9678680546875 0.135889482421875 0.974781921875 0.140712025390625 0.974781921875 0.139505013671875 0.92466971484375 0.143120544921875 0.922941248046875 0.1491501015625 0.976505947265625 0.155179658203125 0.98860521484375 0.162410720703125 0.981691345703125 0.17446983203125 0.98514828125 0.180499392578125 0.97996287890625 0.184114919921875 0.9678680546875 0.191345982421875 0.98514828125 0.19978956640625 0.986876748046875 0.204612111328125 0.94885936328125 0.1973755390625 0.941949939453125 0.1949670234375 0.928126646484375 0.19978956640625 0.921212779296875 0.1973755390625 0.893566197265625 0.2009910703125 0.888380796875 0.207020626953125 0.897023130859375 0.207020626953125 0.93157913671875 0.210636158203125 0.943678404296875 0.2214882578125 0.938493005859375 0.2190797421875 0.87974290625 0.222695271484375 0.86073421484375 0.231133345703125 0.86591961328125 0.235955888671875 0.90047562109375 0.239571419921875 0.905661021484375 0.2456009765625 0.90047562109375 0.2431924609375 0.869372103515625 0.248015005859375 0.8555488125 0.248015005859375 0.769152130859375 0.2431924609375 0.75532883984375 0.246807990234375 0.74668650390625 0.255246064453125 0.786432357421875 0.255246064453125 0.85900574609375 0.258861595703125 0.8711005703125 0.26489115234375 0.869372103515625 0.265625 0.86786994921875 0.265625 0.6125531484375 0.26489115234375 0.589440453125 0.26127562109375 0.584259498046875