2 0.267580357421875 0.984375 0.271486607421875 0.977428572265625 0.26953125 0.939236607421875 0.266602677734375 0.930553572265625 0.262696427734375 0.930553572265625 0.255861607421875 0.94965178515625 0.255861607421875 0.970486607421875 0.258790177734375 0.986111607421875 0.267580357421875 0.984375
2 0.78515625 0.796875 0.768553572265625 0.767361607421875 0.762696427734375 0.763888392578125 0.759767857421875 0.76909821484375 0.759767857421875 0.796875 0.772459822265625 0.81597321484375 0.783205357421875 0.814236607421875 0.78515625 0.796875
2 0.568361607421875 0.901040177734375 0.571290177734375 0.90625 0.580080357421875 0.904513392578125 0.586915177734375 0.90277678515625 0.595705357421875 0.890625 0.595705357421875 0.83159821484375 0.592772322265625 0.822915177734375 0.583008927734375 0.836803572265625 0.569334822265625 0.84375 0.56640625 0.85590178515625 0.568361607421875 0.901040177734375
2 0.208008927734375 0.510415177734375 0.216799107421875 0.51215178515625 0.21875 0.460071427734375 0.21484375 0.390625 0.212892857421875 0.380209822265625 0.202147322265625 0.368053572265625 0.19921875 0.376736607421875 0.19921875 0.401040177734375 0.205080357421875 0.501736607421875 0.208008927734375 0.510415177734375
2 0.244142857421875 0.51215178515625 0.244142857421875 0.421875 0.240236607421875 0.376736607421875 0.235352677734375 0.37152678515625 0.224611607421875 0.383678572265625 0.228517857421875 0.48090178515625 0.23046875 0.508678572265625 0.233397322265625 0.513888392578125 0.244142857421875 0.51215178515625
2 0.51171875 0.654513392578125 0.509767857421875 0.564236607421875 0.502928572265625 0.552084822265625 0.491209822265625 0.552084822265625 0.48828125 0.557290177734375 0.48828125 0.647571427734375 0.49609375 0.661459822265625 0.51171875 0.654513392578125
2 0.583986607421875 0.682290177734375 0.58984375 0.685763392578125 0.5859375 0.560763392578125 0.583008927734375 0.552084822265625 0.577147322265625 0.548611607421875 0.563477677734375 0.548611607421875 0.55859375 0.560763392578125 0.560549107421875 0.616321427734375 0.5703125 0.63715178515625 0.583986607421875 0.682290177734375
2 0.69921875 0.501736607421875 0.702147322265625 0.510415177734375 0.712892857421875 0.508678572265625 0.717772322265625 0.506946427734375 0.720705357421875 0.498263392578125 0.71875 0.432290177734375 0.7109375 0.373263392578125 0.69921875 0.32465178515625 0.696290177734375 0.322915177734375 0.6953125 0.383678572265625 0.69921875 0.501736607421875
2 0.390625 0.689236607421875 0.392580357421875 0.657986607421875 0.38671875 0.553821427734375 0.366209822265625 0.552084822265625 0.36328125 0.557290177734375 0.36328125 0.609375 0.3671875 0.682290177734375 0.370116072265625 0.69097321484375 0.390625 0.689236607421875
2 0.260741072265625 0.513888392578125 0.27734375 0.51215178515625 0.279299107421875 0.467013392578125 0.2734375 0.36284821484375 0.270508927734375 0.357638392578125 0.262696427734375 0.357638392578125 0.251955357421875 0.366321427734375 0.251955357421875 0.414928572265625 0.2578125 0.508678572265625 0.260741072265625 0.513888392578125
2 0.419924107421875 0.682290177734375 0.431642857421875 0.67534821484375 0.4296875 0.553821427734375 0.426758927734375 0.548611607421875 0.405272322265625 0.548611607421875 0.400392857421875 0.553821427734375 0.404299107421875 0.671875 0.407227677734375 0.680553572265625 0.419924107421875 0.682290177734375
2 0.293946427734375 0.520834822265625 0.310549107421875 0.51909821484375 0.3125 0.501736607421875 0.3046875 0.352428572265625 0.299803572265625 0.34375 0.291991072265625 0.34375 0.283205357421875 0.35590178515625 0.2890625 0.44965178515625 0.2890625 0.501736607421875 0.293946427734375 0.520834822265625
2 0.466799107421875 0.678821427734375 0.474611607421875 0.671875 0.4765625 0.654513392578125 0.47265625 0.564236607421875 0.465821427734375 0.552084822265625 0.444334822265625 0.552084822265625 0.4453125 0.67534821484375 0.448241072265625 0.680553572265625 0.466799107421875 0.678821427734375
2 0.326174107421875 0.592013392578125 0.33203125 0.703125 0.333986607421875 0.73090178515625 0.33984375 0.73090178515625 0.34765625 0.703125 0.353517857421875 0.696178572265625 0.3515625 0.585071427734375 0.349611607421875 0.560763392578125 0.342772322265625 0.548611607421875 0.329102677734375 0.548611607421875 0.326174107421875 0.553821427734375 0.326174107421875 0.592013392578125
2 0.3203125 0.435763392578125 0.3203125 0.491321427734375 0.322267857421875 0.51215178515625 0.328125 0.522571427734375 0.344727677734375 0.520834822265625 0.34765625 0.51215178515625 0.341799107421875 0.348959822265625 0.338866072265625 0.34027678515625 0.323241072265625 0.34722321484375 0.319334822265625 0.34375 0.314455357421875 0.352428572265625 0.3203125 0.435763392578125
2 0.682616072265625 0.708334822265625 0.6875 0.70659821484375 0.689455357421875 0.657986607421875 0.685549107421875 0.560763392578125 0.678709822265625 0.545138392578125 0.657227677734375 0.545138392578125 0.65234375 0.55034821484375 0.654299107421875 0.671875 0.674803572265625 0.701388392578125 0.682616072265625 0.708334822265625
2 0.35546875 0.407986607421875 0.359375 0.515625 0.362303572265625 0.520834822265625 0.384767857421875 0.51909821484375 0.38671875 0.48784821484375 0.3828125 0.446178572265625 0.380861607421875 0.342013392578125 0.37890625 0.310763392578125 0.374022322265625 0.302084822265625 0.3515625 0.32465178515625 0.3515625 0.376736607421875 0.35546875 0.407986607421875
2 0.264647322265625 0.541665177734375 0.26171875 0.546875 0.26171875 0.58159821484375 0.267580357421875 0.640625 0.2734375 0.661459822265625 0.2734375 0.69965178515625 0.287111607421875 0.866321427734375 0.279299107421875 0.914928572265625 0.28125 0.967013392578125 0.284178572265625 0.979165177734375 0.296875 0.977428572265625 0.30078125 0.939236607421875 0.29296875 0.810763392578125 0.29296875 0.723959822265625 0.2890625 0.70659821484375 0.283205357421875 0.571178572265625 0.28125 0.546875 0.278321427734375 0.541665177734375 0.264647322265625 0.541665177734375
2 0.484375 0.515625 0.487303572265625 0.520834822265625 0.5 0.51909821484375 0.5078125 0.51215178515625 0.5078125 0.463540177734375 0.498049107421875 0.23784821484375 0.489258927734375 0.229165177734375 0.475584822265625 0.236111607421875 0.470705357421875 0.248263392578125 0.482424107421875 0.41840178515625 0.484375 0.515625
2 0.401366072265625 0.524303572265625 0.421875 0.522571427734375 0.42578125 0.51909821484375 0.423830357421875 0.380209822265625 0.41796875 0.276040177734375 0.411133927734375 0.270834822265625 0.388674107421875 0.29340178515625 0.390625 0.369790177734375 0.3984375 0.515625 0.401366072265625 0.524303572265625
2 0.546875 0.220486607421875 0.546875 0.241321427734375 0.552736607421875 0.373263392578125 0.556642857421875 0.397571427734375 0.55859375 0.508678572265625 0.563477677734375 0.520834822265625 0.578125 0.51909821484375 0.583986607421875 0.51215178515625 0.583986607421875 0.473959822265625 0.58203125 0.39409821484375 0.578125 0.36284821484375 0.576174107421875 0.227428572265625 0.573241072265625 0.22222321484375 0.549803572265625 0.21527678515625 0.546875 0.220486607421875
2 0.29296875 0.58159821484375 0.30078125 0.723959822265625 0.298830357421875 0.744790177734375 0.3046875 0.814236607421875 0.3046875 0.88715178515625 0.30859375 0.946178572265625 0.314455357421875 0.95659821484375 0.32421875 0.928821427734375 0.32421875 0.751736607421875 0.3203125 0.720486607421875 0.3203125 0.671875 0.3125 0.55034821484375 0.295897322265625 0.545138392578125 0.29296875 0.55034821484375 0.29296875 0.58159821484375
2 0.427736607421875 0.279513392578125 0.4375 0.428821427734375 0.439455357421875 0.515625 0.442383927734375 0.520834822265625 0.45703125 0.522571427734375 0.470705357421875 0.51909821484375 0.470705357421875 0.460071427734375 0.4609375 0.265625 0.458986607421875 0.251736607421875 0.452147322265625 0.24652678515625 0.430665177734375 0.256946427734375 0.427736607421875 0.26215178515625 0.427736607421875 0.279513392578125
2 0.6484375 0.404513392578125 0.6484375 0.470486607421875 0.650392857421875 0.51215178515625 0.65625 0.515625 0.676758927734375 0.513888392578125 0.68359375 0.48090178515625 0.681642857421875 0.307290177734375 0.6796875 0.279513392578125 0.663084822265625 0.25347321484375 0.643553572265625 0.239584822265625 0.642580357421875 0.286459822265625 0.6484375 0.404513392578125
2 0.7421875 0.720486607421875 0.728517857421875 0.67534821484375 0.720705357421875 0.58159821484375 0.720705357421875 0.546875 0.702147322265625 0.545138392578125 0.701174107421875 0.619790177734375 0.705080357421875 0.696178572265625 0.70703125 0.85590178515625 0.711915177734375 0.875 0.72265625 0.873263392578125 0.735352677734375 0.87152678515625 0.7421875 0.86284821484375 0.7421875 0.821178572265625 0.734375 0.786459822265625 0.732424107421875 0.755209822265625 0.741209822265625 0.756946427734375 0.744142857421875 0.744790177734375 0.7421875 0.720486607421875
2 0.6015625 0.664928572265625 0.607424107421875 0.842013392578125 0.609375 0.85590178515625 0.61328125 0.85590178515625 0.6328125 0.817709822265625 0.642580357421875 0.782986607421875 0.638674107421875 0.567709822265625 0.63671875 0.55034821484375 0.629883927734375 0.545138392578125 0.612303572265625 0.545138392578125 0.6015625 0.553821427734375 0.6015625 0.664928572265625
2 0.59375 0.303821427734375 0.59765625 0.51215178515625 0.600584822265625 0.517361607421875 0.623049107421875 0.51909821484375 0.633790177734375 0.517361607421875 0.63671875 0.508678572265625 0.62890625 0.234375 0.616209822265625 0.225696427734375 0.592772322265625 0.225696427734375 0.58984375 0.23090178515625 0.58984375 0.26215178515625 0.59375 0.303821427734375