2 0.412111607421875 0.727428572265625 0.41015625 0.696178572265625 0.403321427734375 0.694446427734375 0.39453125 0.727428572265625 0.39453125 0.741321427734375 0.399415177734375 0.75 0.408205357421875 0.748263392578125 0.412111607421875 0.727428572265625
2 0.1875 0.421875 0.19140625 0.421875 0.189455357421875 0.397571427734375 0.193361607421875 0.366321427734375 0.1875 0.321178572265625 0.1875 0.286459822265625 0.180665177734375 0.28472321484375 0.181642857421875 0.380209822265625 0.1875 0.397571427734375 0.1875 0.421875
2 0.466799107421875 0.657986607421875 0.483397322265625 0.680553572265625 0.494142857421875 0.678821427734375 0.4921875 0.654513392578125 0.485352677734375 0.65277678515625 0.474611607421875 0.633678572265625 0.47265625 0.616321427734375 0.465821427734375 0.607638392578125 0.462892857421875 0.61284821484375 0.462892857421875 0.64409821484375 0.466799107421875 0.657986607421875
2 0.380861607421875 0.55034821484375 0.3828125 0.661459822265625 0.384767857421875 0.67534821484375 0.388674107421875 0.67534821484375 0.400392857421875 0.647571427734375 0.392580357421875 0.588540177734375 0.395508927734375 0.569446427734375 0.401366072265625 0.576388392578125 0.40625 0.57465178515625 0.405272322265625 0.541665177734375 0.383790177734375 0.541665177734375 0.380861607421875 0.55034821484375
2 0.232424107421875 0.685763392578125 0.235352677734375 0.697915177734375 0.2421875 0.696178572265625 0.24609375 0.689236607421875 0.2421875 0.539928572265625 0.239258927734375 0.52777678515625 0.229491072265625 0.524303572265625 0.2265625 0.529513392578125 0.2265625 0.595486607421875 0.232424107421875 0.651040177734375 0.232424107421875 0.685763392578125
2 0.36328125 0.633678572265625 0.36328125 0.661459822265625 0.349611607421875 0.69965178515625 0.349611607421875 0.723959822265625 0.352540177734375 0.732638392578125 0.36328125 0.73090178515625 0.373049107421875 0.710071427734375 0.37109375 0.564236607421875 0.366209822265625 0.538196427734375 0.352540177734375 0.53472321484375 0.349611607421875 0.539928572265625 0.349611607421875 0.553821427734375 0.35546875 0.602428572265625 0.36328125 0.633678572265625
2 0.248049107421875 0.45659821484375 0.25 0.48784821484375 0.26171875 0.494790177734375 0.265625 0.491321427734375 0.26171875 0.338540177734375 0.263674107421875 0.30034821484375 0.258790177734375 0.28472321484375 0.250977677734375 0.28472321484375 0.2421875 0.29340178515625 0.248049107421875 0.39409821484375 0.248049107421875 0.45659821484375
2 0.15625 0.303821427734375 0.15625 0.279513392578125 0.149415177734375 0.274303572265625 0.1484375 0.345486607421875 0.15234375 0.401040177734375 0.155272322265625 0.40972321484375 0.159178572265625 0.40972321484375 0.161133927734375 0.399303572265625 0.1640625 0.401040177734375 0.1640625 0.421875 0.169924107421875 0.435763392578125 0.169924107421875 0.467013392578125 0.17578125 0.470486607421875 0.1796875 0.44965178515625 0.17578125 0.414928572265625 0.171875 0.282986607421875 0.168946427734375 0.27777678515625 0.162111607421875 0.282986607421875 0.162111607421875 0.307290177734375 0.159178572265625 0.30902678515625 0.15625 0.303821427734375
2 0.419924107421875 0.54340178515625 0.421875 0.689236607421875 0.423830357421875 0.720486607421875 0.4296875 0.720486607421875 0.4375 0.703125 0.439455357421875 0.671875 0.44921875 0.640625 0.44921875 0.55034821484375 0.446290177734375 0.541665177734375 0.438477677734375 0.538196427734375 0.422852677734375 0.538196427734375 0.419924107421875 0.54340178515625
2 0.2265625 0.60590178515625 0.220705357421875 0.595486607421875 0.21875 0.539928572265625 0.213866072265625 0.520834822265625 0.205080357421875 0.529513392578125 0.208986607421875 0.63715178515625 0.203125 0.661459822265625 0.197267857421875 0.66840178515625 0.19921875 0.755209822265625 0.202147322265625 0.763888392578125 0.205080357421875 0.76215178515625 0.208008927734375 0.75347321484375 0.219727677734375 0.756946427734375 0.224611607421875 0.748263392578125 0.2265625 0.723959822265625 0.2265625 0.66840178515625 0.22265625 0.630209822265625 0.22265625 0.61284821484375 0.2265625 0.60590178515625
2 0.279299107421875 0.494790177734375 0.284178572265625 0.5 0.296875 0.498263392578125 0.298830357421875 0.460071427734375 0.294924107421875 0.30034821484375 0.29296875 0.272571427734375 0.286133927734375 0.267361607421875 0.274415177734375 0.274303572265625 0.26953125 0.282986607421875 0.2734375 0.41840178515625 0.279299107421875 0.494790177734375
2 0.315428572265625 0.50347321484375 0.330080357421875 0.501736607421875 0.33203125 0.48784821484375 0.326174107421875 0.282986607421875 0.321290177734375 0.256946427734375 0.309571427734375 0.256946427734375 0.302736607421875 0.26215178515625 0.302736607421875 0.314236607421875 0.310549107421875 0.494790177734375 0.315428572265625 0.50347321484375
2 0.212892857421875 0.376736607421875 0.208986607421875 0.289928572265625 0.206053572265625 0.28125 0.198241072265625 0.28125 0.1953125 0.286459822265625 0.1953125 0.317709822265625 0.203125 0.484375 0.211915177734375 0.493053572265625 0.216799107421875 0.477428572265625 0.216799107421875 0.421875 0.212892857421875 0.390625 0.217772322265625 0.385415177734375 0.22265625 0.407986607421875 0.224611607421875 0.48784821484375 0.229491072265625 0.493053572265625 0.236330357421875 0.491321427734375 0.240236607421875 0.484375 0.240236607421875 0.442709822265625 0.234375 0.373263392578125 0.234375 0.296875 0.21875 0.29340178515625 0.21875 0.380209822265625 0.215821427734375 0.381946427734375 0.212892857421875 0.376736607421875
2 0.416017857421875 0.38715178515625 0.41796875 0.505209822265625 0.420897322265625 0.513888392578125 0.4453125 0.51215178515625 0.44921875 0.501736607421875 0.44921875 0.467013392578125 0.4453125 0.432290177734375 0.443361607421875 0.328125 0.432616072265625 0.302084822265625 0.413084822265625 0.28125 0.41015625 0.289928572265625 0.416017857421875 0.38715178515625
2 0.34375 0.501736607421875 0.346678572265625 0.506946427734375 0.365236607421875 0.508678572265625 0.37109375 0.48784821484375 0.365236607421875 0.428821427734375 0.361330357421875 0.26909821484375 0.356446427734375 0.25 0.348633927734375 0.25 0.333986607421875 0.258678572265625 0.341799107421875 0.473959822265625 0.34375 0.501736607421875
2 0.383790177734375 0.510415177734375 0.404299107421875 0.508678572265625 0.40625 0.446178572265625 0.400392857421875 0.276040177734375 0.391602677734375 0.260415177734375 0.374022322265625 0.25347321484375 0.37109375 0.258678572265625 0.37109375 0.30034821484375 0.37890625 0.501736607421875 0.383790177734375 0.510415177734375