2 0.323241072265625 0.59375 0.30859375 0.595486607421875 0.30859375 0.616321427734375 0.311522322265625 0.62152678515625 0.326174107421875 0.623263392578125 0.328125 0.602428572265625 0.323241072265625 0.59375
2 0.357424107421875 0.630209822265625 0.357424107421875 0.60590178515625 0.342772322265625 0.600696427734375 0.33984375 0.609375 0.341799107421875 0.630209822265625 0.344727677734375 0.635415177734375 0.353517857421875 0.633678572265625 0.357424107421875 0.630209822265625
2 0.390625 0.657986607421875 0.39453125 0.647571427734375 0.39453125 0.61284821484375 0.389647322265625 0.604165177734375 0.375977677734375 0.604165177734375 0.373049107421875 0.609375 0.373049107421875 0.647571427734375 0.385741072265625 0.65972321484375 0.390625 0.657986607421875
2 0.265625 0.671875 0.26171875 0.689236607421875 0.2578125 0.748263392578125 0.260741072265625 0.763888392578125 0.26953125 0.765625 0.2734375 0.744790177734375 0.2734375 0.64409821484375 0.26953125 0.630209822265625 0.26953125 0.585071427734375 0.260741072265625 0.583334822265625 0.259767857421875 0.60590178515625 0.265625 0.63715178515625 0.265625 0.671875
2 0.5078125 0.786459822265625 0.513674107421875 0.789928572265625 0.515625 0.755209822265625 0.5078125 0.73090178515625 0.494142857421875 0.651040177734375 0.494142857421875 0.633678572265625 0.489258927734375 0.62152678515625 0.486330357421875 0.630209822265625 0.48828125 0.720486607421875 0.5078125 0.786459822265625
2 0.453125 0.835071427734375 0.458986607421875 0.786459822265625 0.4609375 0.734375 0.453125 0.70659821484375 0.453125 0.616321427734375 0.448241072265625 0.614584822265625 0.4453125 0.619790177734375 0.447267857421875 0.83159821484375 0.453125 0.835071427734375
2 0.283205357421875 0.685763392578125 0.29296875 0.69965178515625 0.286133927734375 0.704861607421875 0.283205357421875 0.713540177734375 0.28515625 0.807290177734375 0.294924107421875 0.807290177734375 0.298830357421875 0.80034821484375 0.294924107421875 0.717013392578125 0.296875 0.598959822265625 0.293946427734375 0.586803572265625 0.282227677734375 0.586803572265625 0.279299107421875 0.592013392578125 0.28125 0.671875 0.283205357421875 0.685763392578125
2 0.282227677734375 0.5625 0.29296875 0.560763392578125 0.294924107421875 0.369790177734375 0.29296875 0.35590178515625 0.288084822265625 0.34722321484375 0.278321427734375 0.34375 0.275392857421875 0.348959822265625 0.275392857421875 0.404513392578125 0.279299107421875 0.553821427734375 0.282227677734375 0.5625
2 0.267580357421875 0.557290177734375 0.26953125 0.473959822265625 0.265625 0.338540177734375 0.252928572265625 0.329861607421875 0.25 0.335071427734375 0.25 0.404513392578125 0.25390625 0.54340178515625 0.258790177734375 0.55902678515625 0.267580357421875 0.557290177734375
2 0.326174107421875 0.567709822265625 0.326174107421875 0.366321427734375 0.323241072265625 0.361111607421875 0.303709822265625 0.364584822265625 0.30078125 0.376736607421875 0.3046875 0.42534821484375 0.3046875 0.546875 0.309571427734375 0.569446427734375 0.326174107421875 0.567709822265625
2 0.357424107421875 0.571178572265625 0.357424107421875 0.366321427734375 0.35546875 0.348959822265625 0.350584822265625 0.34375 0.336915177734375 0.350696427734375 0.333986607421875 0.359375 0.337892857421875 0.557290177734375 0.340821427734375 0.569446427734375 0.357424107421875 0.571178572265625
2 0.41015625 0.866321427734375 0.412111607421875 0.880209822265625 0.420897322265625 0.899303572265625 0.43359375 0.897571427734375 0.43359375 0.633678572265625 0.428709822265625 0.611111607421875 0.411133927734375 0.611111607421875 0.40625 0.619790177734375 0.408205357421875 0.710071427734375 0.41796875 0.734375 0.419924107421875 0.79340178515625 0.41015625 0.866321427734375
2 0.392580357421875 0.578125 0.39453125 0.529513392578125 0.390625 0.442709822265625 0.390625 0.338540177734375 0.372071427734375 0.336803572265625 0.365236607421875 0.345486607421875 0.369142857421875 0.564236607421875 0.372071427734375 0.579861607421875 0.392580357421875 0.578125
2 0.448241072265625 0.583334822265625 0.458986607421875 0.58159821484375 0.469727677734375 0.576388392578125 0.474611607421875 0.564236607421875 0.47265625 0.414928572265625 0.465821427734375 0.392361607421875 0.446290177734375 0.364584822265625 0.442383927734375 0.364584822265625 0.443361607421875 0.564236607421875 0.448241072265625 0.583334822265625
2 0.431642857421875 0.36284821484375 0.426758927734375 0.34375 0.403321427734375 0.336803572265625 0.400392857421875 0.359375 0.40625 0.578125 0.416991072265625 0.583334822265625 0.4296875 0.58159821484375 0.431642857421875 0.36284821484375
2 0.211915177734375 0.392361607421875 0.20703125 0.383678572265625 0.208986607421875 0.366321427734375 0.205080357421875 0.321178572265625 0.200196427734375 0.3125 0.197267857421875 0.317709822265625 0.197267857421875 0.38715178515625 0.190428572265625 0.388888392578125 0.1875 0.383678572265625 0.1875 0.366321427734375 0.18359375 0.366321427734375 0.185549107421875 0.45659821484375 0.190428572265625 0.46875 0.194334822265625 0.46875 0.196290177734375 0.458334822265625 0.197267857421875 0.467013392578125 0.206053572265625 0.479165177734375 0.213866072265625 0.46875 0.219727677734375 0.47222321484375 0.22265625 0.467013392578125 0.22265625 0.35590178515625 0.227540177734375 0.34375 0.232424107421875 0.51909821484375 0.234375 0.539928572265625 0.2421875 0.539928572265625 0.24609375 0.526040177734375 0.2421875 0.442709822265625 0.2421875 0.33159821484375 0.231446427734375 0.322915177734375 0.227540177734375 0.34027678515625 0.219727677734375 0.319446427734375 0.212892857421875 0.321178572265625 0.211915177734375 0.392361607421875