2 0.266843751953125 0.412979908203125 0.25 0.423247357421875 0.25 0.538713390625 0.255881892578125 0.556640625 0.2734375 0.556640625 0.2734375 0.415847611328125 0.266843751953125 0.412979908203125
2 0.591796875 0.647062447265625 0.591796875 0.732838193359375 0.62011740234375 0.749250224609375 0.6328125 0.76160186328125 0.6328125 0.686781087890625 0.606447384765625 0.66845323828125 0.591796875 0.647062447265625
2 0.28125 0.50269930078125 0.289919642578125 0.561691974609375 0.29511071875 0.56640625 0.299699689453125 0.56640625 0.308474330078125 0.565200076171875 0.3125 0.555050470703125 0.3125 0.5402776875 0.308474330078125 0.53012808203125 0.301513671875 0.375816724609375 0.29630826171875 0.37109375 0.2952278359375 0.37109375 0.28125 0.386595521484375 0.28125 0.50269930078125
2 0.192602984375 0.465173283203125 0.187943892578125 0.445524154296875 0.1801740078125 0.436595236328125 0.17578125 0.436595236328125 0.17578125 0.552698724609375 0.1910546875 0.552698724609375 0.1910546875 0.474106796875 0.19571377734375 0.47232009375 0.206587357421875 0.552698724609375 0.208317515625 0.5546875 0.21875 0.5546875 0.21875 0.42242925390625 0.213660181640625 0.419921875 0.20991710546875 0.419921875 0.19726917578125 0.43123512890625 0.192602984375 0.465173283203125
2 0.31290313671875 0.596027900390625 0.30980230859375 0.590818078125 0.2911878828125 0.590818078125 0.2890625 0.596769642578125 0.2890625 0.642058703125 0.2942934375 0.665469865234375 0.29635908203125 0.759219865234375 0.301530279296875 0.774844865234375 0.31693956640625 0.791015625 0.320200673828125 0.791015625 0.321175166015625 0.790469865234375 0.322265625 0.75755128125 0.322265625 0.72262273046875 0.3149735078125 0.682831470703125 0.31290313671875 0.596027900390625
2 0.2880859375 0.59656871875 0.281740697265625 0.591544962890625 0.2578125 0.591544962890625 0.2578125 0.74620655859375 0.2626953125 0.753936705078125 0.2626953125 0.7874155 0.27327715625 0.802482462890625 0.28385900390625 0.800812181640625 0.29296875 0.795404853515625 0.29296875 0.67880259375 0.292322544921875 0.676927296875 0.2880859375 0.59656871875
2 0.11328125 0.528764103515625 0.13095269140625 0.534981046875 0.1435533203125 0.508606173828125 0.153370056640625 0.537109375 0.164967529296875 0.537109375 0.170331458984375 0.525562833984375 0.167184900390625 0.510485943359375 0.1719083359375 0.508606173828125 0.173828125 0.51702801171875 0.173828125 0.426750685546875 0.162454265625 0.42947187109375 0.156104818359375 0.421875 0.1457815859375 0.421875 0.141983640625 0.423822880859375 0.14513019921875 0.502952341796875 0.14040676171875 0.504836953125 0.135683326171875 0.49541389453125 0.135683326171875 0.431356482421875 0.12322251953125 0.421875 0.116286322265625 0.421875 0.11328125 0.42726612890625 0.11328125 0.528764103515625
2 0.379997841796875 0.5966796875 0.357421875 0.5966796875 0.357421875 0.763843779296875 0.35759553515625 0.7699129453125 0.362074630859375 0.7783203125 0.377014052734375 0.7715909609375 0.390625 0.774657369140625 0.390625 0.60316750390625 0.390458169921875 0.601726703125 0.379997841796875 0.5966796875
2 0.499833169921875 0.35969977734375 0.492363455078125 0.34407477734375 0.466796875 0.33812953515625 0.466796875 0.455038259765625 0.46697053515625 0.4569229921875 0.4729449375 0.477753349609375 0.4729449375 0.533311384765625 0.4759355546875 0.5506729921875 0.48482391796875 0.564453125 0.49696675390625 0.564453125 0.5 0.5618091953125 0.5 0.440337322265625 0.499833169921875 0.439561384765625 0.499833169921875 0.35969977734375
2 0.310546875 0.4293664140625 0.313879884765625 0.48745425 0.311469927734375 0.511971423828125 0.316295357421875 0.554007302734375 0.321120787109375 0.564514021484375 0.329061623046875 0.568359375 0.3426595 0.568359375 0.34375 0.568215455078125 0.34375 0.474978419921875 0.340422505859375 0.4524258515625 0.338007033203125 0.357851880859375 0.335597076171875 0.3473451640625 0.32994215234375 0.345703125 0.329404205078125 0.345703125 0.310546875 0.358671845703125 0.310546875 0.4293664140625
2 0.35423591796875 0.71710375 0.356602904296875 0.699576619140625 0.3518743359375 0.67504133984375 0.35423591796875 0.657514208984375 0.349507349609375 0.6014264921875 0.343595287109375 0.592665177734375 0.3203125 0.592665177734375 0.3203125 0.637389037109375 0.321135935546875 0.64349340625 0.321135935546875 0.69607029296875 0.328231490234375 0.79071409375 0.334046482421875 0.796875 0.357421875 0.796875 0.357421875 0.7407131796875 0.35423591796875 0.71710375
2 0.507693078125 0.862333265625 0.51171875 0.86316734765625 0.51171875 0.615249865234375 0.503049109375 0.598137880859375 0.483817751953125 0.595703125 0.48046875 0.595703125 0.48046875 0.863923908203125 0.507693078125 0.862333265625
2 0.34375 0.528018099609375 0.348046875 0.562249115234375 0.350785298828125 0.568359375 0.3828125 0.568359375 0.3828125 0.334231244140625 0.382328572265625 0.3256756875 0.37978776171875 0.32421875 0.358836408203125 0.32421875 0.34375 0.32854326953125 0.34375 0.528018099609375
2 0.427478779296875 0.603660666015625 0.4240877734375 0.598496841796875 0.399208341796875 0.595051337890625 0.396484375 0.597543068359375 0.396484375 0.711341716796875 0.402604515625 0.806887728515625 0.4240877734375 0.836165642578125 0.43359375 0.83777461328125 0.43359375 0.75700983984375 0.43200184375 0.74488640234375 0.427478779296875 0.603660666015625
2 0.386681693359375 0.568359375 0.423828125 0.568359375 0.423828125 0.3319244140625 0.414432546875 0.3203125 0.3828125 0.3203125 0.3828125 0.5625145234375 0.386681693359375 0.568359375
2 0.430651095703125 0.56640625 0.46484375 0.56640625 0.46484375 0.32981775390625 0.461770947265625 0.328125 0.421875 0.328125 0.421875 0.524104171875 0.430651095703125 0.56640625
2 0.4443375859375 0.99606634375 0.444363388671875 0.99609375 0.463216306640625 0.99609375 0.4765625 0.97403501953125 0.4765625 0.615880560546875 0.47313275 0.59765625 0.435546875 0.59765625 0.435546875 0.81628960546875 0.4443375859375 0.99606634375
2 0.246130099609375 0.580802564453125 0.2424061015625 0.585987962890625 0.2424061015625 0.6067206796875 0.23619565625 0.611906080078125 0.232471658203125 0.6067206796875 0.232471658203125 0.58253103125 0.226261212890625 0.5738886953125 0.211359546875 0.580802564453125 0.2088787734375 0.591168921875 0.198944330078125 0.57734562890625 0.186523439453125 0.5738886953125 0.179075443359375 0.608449146484375 0.175351447265625 0.585987962890625 0.169140998046875 0.57734562890625 0.141818443359375 0.584259498046875 0.12691677734375 0.57734562890625 0.123192779296875 0.58253103125 0.123192779296875 0.61017761328125 0.128160001953125 0.620543970703125 0.125679228515625 0.644738064453125 0.128160001953125 0.655104421875 0.134370447265625 0.663746755859375 0.13933766796875 0.660289822265625 0.14058089453125 0.668927712890625 0.145548115234375 0.672384646484375 0.150515337890625 0.727677814453125 0.1467856640625 0.743229572265625 0.1380944453125 0.7345916796875 0.135613671875 0.700031228515625 0.131884 0.694850271484375 0.128160001953125 0.700031228515625 0.128160001953125 0.744958037109375 0.12443600390625 0.74668650390625 0.123192779296875 0.738048615234375 0.116982333984375 0.732863212890625 0.11822555859375 0.758781330078125 0.11201511328125 0.7674236640625 0.10829111328125 0.76223826171875 0.10829111328125 0.696574296875 0.107421875 0.69496101171875 0.107421875 0.984108373046875 0.109534337890625 0.978234412109375 0.1132583359375 0.97996287890625 0.109534337890625 0.98860521484375 0.12443600390625 0.98860521484375 0.131884 0.9678680546875 0.134370447265625 0.974781921875 0.13933766796875 0.974781921875 0.1380944453125 0.92466971484375 0.141818443359375 0.922941248046875 0.148028888671875 0.976505947265625 0.154239333984375 0.98860521484375 0.161687330078125 0.981691345703125 0.174108220703125 0.98514828125 0.18031866796875 0.97996287890625 0.1840426640625 0.9678680546875 0.19149066015625 0.98514828125 0.2001875546875 0.986876748046875 0.20515477734375 0.94885936328125 0.19770110546875 0.941949939453125 0.195220333984375 0.928126646484375 0.2001875546875 0.921212779296875 0.19770110546875 0.893566197265625 0.201425103515625 0.888380796875 0.207635548828125 0.897023130859375 0.207635548828125 0.93157913671875 0.211359546875 0.943678404296875 0.22253721484375 0.938493005859375 0.220056443359375 0.87974290625 0.2237804375 0.86073421484375 0.232471658203125 0.86591961328125 0.237438880859375 0.90047562109375 0.24116287890625 0.905661021484375 0.24737332421875 0.90047562109375 0.24489255078125 0.869372103515625 0.2498597734375 0.8555488125 0.2498597734375 0.769152130859375 0.24489255078125 0.75532883984375 0.248616546875 0.74668650390625 0.257307767578125 0.786432357421875 0.257307767578125 0.85900574609375 0.261031765625 0.8711005703125 0.265625 0.86982219921875 0.265625 0.587190533203125 0.263518212890625 0.584259498046875 0.246130099609375 0.580802564453125