2 0.29296875 0.869790177734375 0.29296875 0.838540177734375 0.280272322265625 0.829861607421875 0.275392857421875 0.835071427734375 0.27734375 0.873263392578125 0.280272322265625 0.87847321484375 0.2890625 0.876736607421875 0.29296875 0.869790177734375
2 0.49609375 0.911459822265625 0.505861607421875 0.921875 0.514647322265625 0.920138392578125 0.521486607421875 0.907986607421875 0.51953125 0.876736607421875 0.514647322265625 0.868053572265625 0.506834822265625 0.864584822265625 0.498049107421875 0.876736607421875 0.49609375 0.890625 0.49609375 0.911459822265625
2 0.6796875 0.828125 0.689455357421875 0.838540177734375 0.689455357421875 0.80034821484375 0.677736607421875 0.76909821484375 0.669924107421875 0.758678572265625 0.662111607421875 0.727428572265625 0.657227677734375 0.72222321484375 0.658205357421875 0.776040177734375 0.673830357421875 0.807290177734375 0.6796875 0.828125
2 0.383790177734375 0.555553572265625 0.364258927734375 0.55902678515625 0.365236607421875 0.619790177734375 0.375977677734375 0.62847321484375 0.38671875 0.626736607421875 0.388674107421875 0.564236607421875 0.383790177734375 0.555553572265625
2 0.470705357421875 0.560763392578125 0.463866072265625 0.555553572265625 0.448241072265625 0.555553572265625 0.443361607421875 0.564236607421875 0.4453125 0.61284821484375 0.454102677734375 0.62152678515625 0.470705357421875 0.619790177734375 0.470705357421875 0.560763392578125
2 0.568361607421875 0.904513392578125 0.571290177734375 0.90972321484375 0.578125 0.907986607421875 0.59375 0.89409821484375 0.595705357421875 0.86284821484375 0.59375 0.83159821484375 0.590821427734375 0.826388392578125 0.583008927734375 0.84375 0.571290177734375 0.84722321484375 0.56640625 0.859375 0.568361607421875 0.904513392578125
2 0.421875 0.623263392578125 0.4296875 0.619790177734375 0.427736607421875 0.564236607421875 0.420897322265625 0.555553572265625 0.407227677734375 0.555553572265625 0.400392857421875 0.567709822265625 0.404299107421875 0.619790177734375 0.407227677734375 0.625 0.421875 0.623263392578125
2 0.234375 0.508678572265625 0.23828125 0.51215178515625 0.243165177734375 0.510415177734375 0.24609375 0.501736607421875 0.2421875 0.390625 0.23828125 0.359375 0.233397322265625 0.350696427734375 0.225584822265625 0.350696427734375 0.228517857421875 0.473959822265625 0.234375 0.508678572265625
2 0.51171875 0.69965178515625 0.51171875 0.58159821484375 0.506834822265625 0.55902678515625 0.493165177734375 0.55902678515625 0.48828125 0.567709822265625 0.48828125 0.64409821484375 0.494142857421875 0.671875 0.504883927734375 0.694446427734375 0.51171875 0.69965178515625
2 0.33203125 0.703125 0.3359375 0.70659821484375 0.3515625 0.651040177734375 0.3515625 0.588540177734375 0.349611607421875 0.571178572265625 0.342772322265625 0.555553572265625 0.329102677734375 0.555553572265625 0.326174107421875 0.567709822265625 0.328125 0.651040177734375 0.33203125 0.703125
2 0.263674107421875 0.79340178515625 0.252928572265625 0.649303572265625 0.2421875 0.692709822265625 0.2421875 0.751736607421875 0.25 0.85590178515625 0.252928572265625 0.868053572265625 0.26171875 0.869790177734375 0.263674107421875 0.79340178515625
2 0.259767857421875 0.515625 0.266602677734375 0.520834822265625 0.275392857421875 0.51909821484375 0.279299107421875 0.515625 0.27734375 0.411459822265625 0.2734375 0.348959822265625 0.270508927734375 0.34027678515625 0.266602677734375 0.34027678515625 0.251955357421875 0.352428572265625 0.25390625 0.453125 0.259767857421875 0.515625
2 0.272459822265625 0.756946427734375 0.275392857421875 0.755209822265625 0.2890625 0.73090178515625 0.283205357421875 0.585071427734375 0.28125 0.553821427734375 0.278321427734375 0.548611607421875 0.262696427734375 0.548611607421875 0.265625 0.689236607421875 0.26953125 0.748263392578125 0.272459822265625 0.756946427734375
2 0.293946427734375 0.524303572265625 0.30859375 0.522571427734375 0.310549107421875 0.45659821484375 0.306642857421875 0.42534821484375 0.3046875 0.317709822265625 0.297852677734375 0.305553572265625 0.283205357421875 0.328125 0.283205357421875 0.373263392578125 0.291017857421875 0.51215178515625 0.293946427734375 0.524303572265625
2 0.307616072265625 0.81597321484375 0.318361607421875 0.814236607421875 0.322267857421875 0.810763392578125 0.32421875 0.789928572265625 0.3125 0.557290177734375 0.297852677734375 0.552084822265625 0.294924107421875 0.557290177734375 0.294924107421875 0.61284821484375 0.3046875 0.810763392578125 0.307616072265625 0.81597321484375
2 0.322267857421875 0.505209822265625 0.327147322265625 0.524303572265625 0.345705357421875 0.522571427734375 0.34765625 0.501736607421875 0.341799107421875 0.32465178515625 0.338866072265625 0.31597321484375 0.317383927734375 0.305553572265625 0.314455357421875 0.310763392578125 0.314455357421875 0.345486607421875 0.3203125 0.421875 0.322267857421875 0.505209822265625
2 0.55859375 0.57465178515625 0.5625 0.630209822265625 0.5625 0.758678572265625 0.564455357421875 0.779513392578125 0.5703125 0.782986607421875 0.58203125 0.744790177734375 0.586915177734375 0.74652678515625 0.58984375 0.741321427734375 0.587892857421875 0.585071427734375 0.5859375 0.560763392578125 0.577147322265625 0.555553572265625 0.561522322265625 0.55902678515625 0.55859375 0.57465178515625
2 0.599611607421875 0.515625 0.602540177734375 0.524303572265625 0.630861607421875 0.522571427734375 0.630861607421875 0.460071427734375 0.619142857421875 0.366321427734375 0.607424107421875 0.317709822265625 0.594727677734375 0.291665177734375 0.59375 0.345486607421875 0.59765625 0.44965178515625 0.595705357421875 0.453125 0.599611607421875 0.515625
2 0.359375 0.45659821484375 0.359375 0.515625 0.366209822265625 0.52777678515625 0.376955357421875 0.526040177734375 0.384767857421875 0.522571427734375 0.384767857421875 0.442709822265625 0.37890625 0.307290177734375 0.376955357421875 0.286459822265625 0.372071427734375 0.28125 0.352540177734375 0.298611607421875 0.349611607421875 0.317709822265625 0.359375 0.45659821484375
2 0.484375 0.515625 0.487303572265625 0.524303572265625 0.501955357421875 0.526040177734375 0.5078125 0.515625 0.5078125 0.463540177734375 0.501955357421875 0.390625 0.498049107421875 0.23784821484375 0.477540177734375 0.232638392578125 0.47265625 0.248263392578125 0.48046875 0.366321427734375 0.484375 0.515625
2 0.548830357421875 0.289928572265625 0.5546875 0.345486607421875 0.55859375 0.51215178515625 0.563477677734375 0.524303572265625 0.580080357421875 0.522571427734375 0.580080357421875 0.501736607421875 0.583986607421875 0.494790177734375 0.583986607421875 0.414928572265625 0.580080357421875 0.390625 0.578125 0.26909821484375 0.567383927734375 0.25347321484375 0.549803572265625 0.24652678515625 0.548830357421875 0.289928572265625
2 0.388674107421875 0.272571427734375 0.390625 0.359375 0.3984375 0.473959822265625 0.3984375 0.515625 0.405272322265625 0.52777678515625 0.421875 0.526040177734375 0.427736607421875 0.515625 0.427736607421875 0.48784821484375 0.423830357421875 0.45659821484375 0.419924107421875 0.282986607421875 0.41796875 0.26215178515625 0.411133927734375 0.256946427734375 0.395508927734375 0.263888392578125 0.388674107421875 0.272571427734375
2 0.44140625 0.522571427734375 0.444334822265625 0.52777678515625 0.46875 0.526040177734375 0.470705357421875 0.463540177734375 0.4609375 0.244790177734375 0.458008927734375 0.239584822265625 0.450196427734375 0.239584822265625 0.427736607421875 0.255209822265625 0.4375 0.41840178515625 0.4375 0.470486607421875 0.44140625 0.522571427734375
2 0.6015625 0.661459822265625 0.607424107421875 0.76909821484375 0.607424107421875 0.842013392578125 0.609375 0.852428572265625 0.61328125 0.852428572265625 0.62890625 0.807290177734375 0.630861607421875 0.782986607421875 0.640625 0.744790177734375 0.638674107421875 0.592013392578125 0.629883927734375 0.555553572265625 0.604491072265625 0.555553572265625 0.6015625 0.560763392578125 0.6015625 0.661459822265625