2 0.612303572265625 0.40625 0.604491072265625 0.40625 0.595705357421875 0.41840178515625 0.596678572265625 0.430553572265625 0.609375 0.432290177734375 0.615236607421875 0.42534821484375 0.612303572265625 0.40625
2 0.626955357421875 0.42534821484375 0.629883927734375 0.4375 0.650392857421875 0.439236607421875 0.651366072265625 0.416665177734375 0.62890625 0.414928572265625 0.626955357421875 0.42534821484375
2 0.91015625 0.42534821484375 0.903321427734375 0.416665177734375 0.891602677734375 0.40972321484375 0.880861607421875 0.411459822265625 0.880861607421875 0.42534821484375 0.885741072265625 0.43402678515625 0.91015625 0.432290177734375 0.91015625 0.42534821484375
2 0.823241072265625 0.40625 0.803709822265625 0.413196427734375 0.798830357421875 0.421875 0.801758927734375 0.4375 0.81640625 0.439236607421875 0.826174107421875 0.421875 0.823241072265625 0.40625
2 0.564455357421875 0.70659821484375 0.559571427734375 0.694446427734375 0.551758927734375 0.697915177734375 0.546875 0.70659821484375 0.546875 0.73090178515625 0.549803572265625 0.74652678515625 0.5625 0.744790177734375 0.564455357421875 0.70659821484375
2 1 0.529513392578125 0.989258927734375 0.513888392578125 0.98828125 0.595486607421875 0.9921875 0.63715178515625 1 0.623263392578125 1 0.529513392578125
2 0.58203125 0.734375 0.59375 0.727428572265625 0.591799107421875 0.64409821484375 0.588866072265625 0.635415177734375 0.575196427734375 0.638888392578125 0.572267857421875 0.64409821484375 0.57421875 0.723959822265625 0.577147322265625 0.736111607421875 0.58203125 0.734375
2 0.587892857421875 0.567709822265625 0.5859375 0.467013392578125 0.579102677734375 0.454861607421875 0.569334822265625 0.454861607421875 0.56640625 0.463540177734375 0.56640625 0.54340178515625 0.571290177734375 0.55902678515625 0.581053572265625 0.569446427734375 0.587892857421875 0.567709822265625
2 0.626955357421875 0.720486607421875 0.626955357421875 0.67534821484375 0.622071427734375 0.611111607421875 0.603517857421875 0.626736607421875 0.60546875 0.720486607421875 0.608397322265625 0.725696427734375 0.619142857421875 0.723959822265625 0.626955357421875 0.720486607421875
2 0.6171875 0.460071427734375 0.598633927734375 0.458334822265625 0.599611607421875 0.567709822265625 0.602540177734375 0.572915177734375 0.619142857421875 0.57465178515625 0.62109375 0.539928572265625 0.6171875 0.460071427734375
2 0.80078125 0.578125 0.8046875 0.664928572265625 0.807616072265625 0.673611607421875 0.815428572265625 0.673611607421875 0.81640625 0.682290177734375 0.8203125 0.685763392578125 0.826174107421875 0.682290177734375 0.83203125 0.657986607421875 0.828125 0.64409821484375 0.830080357421875 0.578125 0.826174107421875 0.477428572265625 0.819334822265625 0.461803572265625 0.801758927734375 0.461803572265625 0.80078125 0.578125
2 0.63671875 0.692709822265625 0.638674107421875 0.713540177734375 0.64453125 0.717013392578125 0.662111607421875 0.710071427734375 0.65625 0.494790177734375 0.653321427734375 0.461803572265625 0.631834822265625 0.458334822265625 0.62890625 0.463540177734375 0.62890625 0.501736607421875 0.63671875 0.633678572265625 0.63671875 0.692709822265625
2 0.693361607421875 0.70659821484375 0.701174107421875 0.69965178515625 0.6953125 0.467013392578125 0.680665177734375 0.458334822265625 0.666017857421875 0.467013392578125 0.671875 0.66840178515625 0.673830357421875 0.703125 0.676758927734375 0.708334822265625 0.693361607421875 0.70659821484375
2 0.8828125 0.67534821484375 0.887696427734375 0.6875 0.890625 0.685763392578125 0.907227677734375 0.68402678515625 0.916017857421875 0.67534821484375 0.912111607421875 0.484375 0.9140625 0.473959822265625 0.909178572265625 0.458334822265625 0.885741072265625 0.458334822265625 0.880861607421875 0.467013392578125 0.8828125 0.67534821484375
2 0.715821427734375 0.697915177734375 0.734375 0.696178572265625 0.744142857421875 0.689236607421875 0.73828125 0.463540177734375 0.735352677734375 0.458334822265625 0.711915177734375 0.458334822265625 0.70703125 0.463540177734375 0.70703125 0.491321427734375 0.712892857421875 0.692709822265625 0.715821427734375 0.697915177734375
2 0.934571427734375 0.645834822265625 0.943361607421875 0.64409821484375 0.969727677734375 0.635415177734375 0.974611607421875 0.616321427734375 0.97265625 0.494790177734375 0.956053572265625 0.458334822265625 0.930665177734375 0.458334822265625 0.927736607421875 0.463540177734375 0.931642857421875 0.640625 0.934571427734375 0.645834822265625
2 0.755861607421875 0.682290177734375 0.758790177734375 0.69097321484375 0.77734375 0.689236607421875 0.7890625 0.682290177734375 0.787111607421875 0.473959822265625 0.784178572265625 0.461803572265625 0.754883927734375 0.458334822265625 0.751955357421875 0.463540177734375 0.751955357421875 0.539928572265625 0.755861607421875 0.588540177734375 0.755861607421875 0.682290177734375