2 0.604395537109375 0.40657477734375 0.595703125 0.41750453515625 0.595703125 0.42975842578125 0.595801787109375 0.430878349609375 0.6019321328125 0.431640625 0.610672826171875 0.431640625 0.615234375 0.426729451171875 0.615234375 0.41986451171875 0.612989287109375 0.40657477734375 0.604395537109375 0.40657477734375
2 0.626953125 0.43806173046875 0.650390625 0.43907420703125 0.650390625 0.41646984375 0.626953125 0.415545314453125 0.626953125 0.43806173046875
2 0.91015625 0.43359375 0.91015625 0.412068033203125 0.905336763671875 0.41015625 0.880859375 0.41015625 0.880859375 0.43359375 0.91015625 0.43359375
2 0.798828125 0.40996794140625 0.798828125 0.4375 0.8253498828125 0.4375 0.826171875 0.43659647265625 0.826171875 0.404296875 0.82461211328125 0.404296875 0.798828125 0.40996794140625
2 0.546875 0.69737080859375 0.546875 0.744140625 0.564453125 0.744140625 0.564453125 0.694206857421875 0.563854671875 0.693359375 0.558503244140625 0.693359375 0.54828826171875 0.69594074609375 0.546875 0.69737080859375
2 1 0.5206460390625 0.98828125 0.51681941796875 0.98828125 0.63671875 0.994292599609375 0.63671875 1 0.63444123046875 1 0.5206460390625
2 0.572265625 0.73199983984375 0.580790759765625 0.73076960546875 0.59375 0.7276520546875 0.59375 0.639753111328125 0.572265625 0.641968505859375 0.572265625 0.73199983984375
2 0.57910379296875 0.4543203125 0.5693359375 0.4543203125 0.566407365234375 0.4629988828125 0.566407365234375 0.542860490234375 0.57129129296875 0.558485490234375 0.580543302734375 0.568359375 0.583204048828125 0.568359375 0.587890625 0.567169376953125 0.587890625 0.566996130859375 0.585938615234375 0.46647209765625 0.57910379296875 0.4543203125
2 0.60352008984375 0.6261953125 0.605470982421875 0.7199453125 0.60809276953125 0.724609375 0.611776521484375 0.724609375 0.61914508984375 0.72341852734375 0.626953125 0.719947296875 0.626953125 0.6747481953125 0.62207366015625 0.6105703125 0.60352008984375 0.6261953125
2 0.619140625 0.458893982421875 0.59765625 0.457688162109375 0.59765625 0.572265625 0.619140625 0.572265625 0.619140625 0.458893982421875
2 0.80078125 0.46428288671875 0.80078125 0.672396619140625 0.814084265625 0.672396619140625 0.81640625 0.6809238203125 0.82568359375 0.68433645703125 0.83203125 0.682780408203125 0.83203125 0.47247705859375 0.823361609375 0.46428288671875 0.80078125 0.46428288671875
2 0.62890625 0.460935375 0.62890625 0.69603715625 0.631840861328125 0.71143279296875 0.643521166015625 0.71484375 0.643605193359375 0.71484375 0.662109375 0.711245419921875 0.662109375 0.468905140625 0.661134517578125 0.463497607421875 0.62890625 0.460935375
2 0.666015625 0.46130708984375 0.666015625 0.7037599765625 0.669591193359375 0.70703125 0.682464068359375 0.70703125 0.701171875 0.706024896484375 0.701171875 0.464776099609375 0.677901537109375 0.45768526953125 0.666015625 0.46130708984375
2 0.883627234375 0.458010044921875 0.880859375 0.4622296640625 0.880859375 0.676407134765625 0.885144955078125 0.685546875 0.889112154296875 0.685546875 0.8893251484375 0.685438615234375 0.908694939453125 0.683702009765625 0.916015625 0.67750680859375 0.916015625 0.55205224609375 0.914392857421875 0.48405022265625 0.916015625 0.476624427734375 0.916015625 0.4718436171875 0.910970984375 0.458010044921875 0.883627234375 0.458010044921875
2 0.70703125 0.697265625 0.742840060546875 0.697265625 0.744140625 0.6967247578125 0.744140625 0.458984375 0.70703125 0.458984375 0.70703125 0.697265625
2 0.927734375 0.461618583984375 0.927734375 0.640382041015625 0.935553572265625 0.6396418359375 0.974609375 0.63347874609375 0.974609375 0.476003185546875 0.960937501953125 0.461618583984375 0.927734375 0.461618583984375
2 0.751953125 0.689128091796875 0.752120451171875 0.689453125 0.768585734375 0.689453125 0.78094353125 0.6886953125 0.7890625 0.68554228515625 0.7890625 0.46108281640625 0.751953125 0.4582039921875 0.751953125 0.689128091796875