2 0.275390625 0.87408151953125 0.29296875 0.87317705078125 0.29296875 0.837283537109375 0.275390625 0.834154171875 0.275390625 0.87408151953125
2 0.49609375 0.919921875 0.521484375 0.919921875 0.521484375 0.866323869140625 0.503643908203125 0.86328125 0.5034896875 0.86328125 0.49609375 0.867210544921875 0.49609375 0.919921875
2 0.66384678515625 0.761017013671875 0.65625 0.74899348046875 0.65625 0.791693908203125 0.672724453125 0.804731078125 0.6860358828125 0.82346682421875 0.6875 0.82408453515625 0.6875 0.77660999609375 0.68160212109375 0.77038689453125 0.66384678515625 0.761017013671875
2 0.36328125 0.558635896484375 0.36328125 0.621977572265625 0.3749053828125 0.628689732421875 0.38671875 0.627325447265625 0.38671875 0.556882560546875 0.385842740234375 0.55577008984375 0.36328125 0.558635896484375
2 0.443359375 0.55905589453125 0.443359375 0.614316484375 0.452222255859375 0.619169732421875 0.470703125 0.618097587890625 0.470703125 0.560087201171875 0.468262119140625 0.55905589453125 0.443359375 0.55905589453125
2 0.58366103515625 0.843641740234375 0.568036333984375 0.847114955078125 0.56640625 0.850156892578125 0.56640625 0.90744001953125 0.5669781875 0.908203125 0.57544497265625 0.908203125 0.577149255859375 0.90787834765625 0.595703125 0.89550930859375 0.595703125 0.828449115234375 0.59407750390625 0.826280134765625 0.58366103515625 0.843641740234375
2 0.40045937890625 0.559795427734375 0.400390625 0.559853564453125 0.400390625 0.621371205078125 0.40045937890625 0.62142935546875 0.427802013671875 0.619888111328125 0.4296875 0.619489587890625 0.4296875 0.56203511328125 0.425976951171875 0.559795427734375 0.40045937890625 0.559795427734375
2 0.23386108984375 0.509765625 0.24609375 0.509765625 0.24609375 0.37167466015625 0.242348923828125 0.35651231640625 0.23467335546875 0.349609375 0.224609375 0.349609375 0.224609375 0.482010373046875 0.23386108984375 0.509765625
2 0.48828125 0.6759248046875 0.51171875 0.6933078203125 0.51171875 0.5594598203125 0.48828125 0.5594598203125 0.48828125 0.6759248046875
2 0.33228051171875 0.70703125 0.3515625 0.680908509765625 0.3515625 0.555735142578125 0.350358951171875 0.5546875 0.326171875 0.5546875 0.326171875 0.70703125 0.33228051171875 0.70703125
2 0.25292826953125 0.650061384765625 0.2421875 0.67658775 0.2421875 0.80818700390625 0.24813625390625 0.85665959765625 0.25292826953125 0.868811384765625 0.255655185546875 0.869140625 0.263671875 0.869140625 0.263671875 0.738109146484375 0.25292826953125 0.650061384765625
2 0.2739996796875 0.340168525390625 0.267303251953125 0.340168525390625 0.251953125 0.34759719140625 0.251953125 0.492918203125 0.255586416015625 0.515516740234375 0.26461500390625 0.51953125 0.27767521484375 0.51953125 0.279296875 0.519344361328125 0.279296875 0.351434890625 0.27902008984375 0.3488515625 0.2739996796875 0.340168525390625
2 0.264275828125 0.755859375 0.275184951171875 0.755859375 0.287109375 0.74588288671875 0.287109375 0.559046861328125 0.285971490234375 0.550490880859375 0.28165133203125 0.546875 0.26171875 0.546875 0.26171875 0.752292341796875 0.264275828125 0.755859375
2 0.298553251953125 0.3083573046875 0.283203125 0.321909330078125 0.283203125 0.474260654296875 0.286836416015625 0.511266263671875 0.291856822265625 0.5232010546875 0.310546875 0.521934779296875 0.310546875 0.329025697265625 0.31027008984375 0.320296478515625 0.298553251953125 0.3083573046875
2 0.294921875 0.553267240234375 0.294921875 0.76999439453125 0.29915560546875 0.810222099609375 0.304229658203125 0.814453125 0.318324453125 0.814453125 0.32421875 0.8140066171875 0.32421875 0.634873166015625 0.315822947265625 0.556748884765625 0.294921875 0.553267240234375
2 0.314453125 0.30928148046875 0.314453125 0.465306185546875 0.316066876953125 0.505262080078125 0.32406193359375 0.5234375 0.338182611328125 0.5234375 0.34765625 0.522923796875 0.34765625 0.323343048828125 0.344382265625 0.317715083984375 0.314453125 0.30928148046875
2 0.55859375 0.774666158203125 0.559573662109375 0.781746515625 0.563196029296875 0.783203125 0.5692987421875 0.783203125 0.5859375 0.746426916015625 0.58984375 0.74736880078125 0.58984375 0.55845441796875 0.5804712265625 0.5546875 0.5736532578125 0.5546875 0.55859375 0.556957505859375 0.55859375 0.774666158203125
2 0.62094308984375 0.36673491015625 0.60614064453125 0.31771518359375 0.59375 0.297423904296875 0.59375 0.449648232421875 0.593802453125 0.45076487109375 0.59375 0.450839421875 0.59375 0.485073615234375 0.596272345703125 0.517291966796875 0.598870041015625 0.5234375 0.630859375 0.5234375 0.630859375 0.43006611328125 0.62094308984375 0.36673491015625
2 0.381298859375 0.2885469140625 0.374244294921875 0.283419642578125 0.349609375 0.298339806640625 0.349609375 0.394970125 0.355905009765625 0.45598944140625 0.355905009765625 0.514080939453125 0.36577753125 0.526040177734375 0.381298859375 0.524331087890625 0.384765625 0.523282341796875 0.384765625 0.31925999609375 0.38411681640625 0.3090472109375 0.381298859375 0.2885469140625
2 0.47265625 0.237809671875 0.47265625 0.384192728515625 0.479166666015625 0.51242334765625 0.4846984140625 0.520870833984375 0.5078125 0.52228258984375 0.5078125 0.29881724609375 0.504995537109375 0.24204301171875 0.47265625 0.237809671875
2 0.567929314453125 0.2513487421875 0.548828125 0.24639453125 0.548828125 0.3634741640625 0.554255705078125 0.515483833984375 0.559125564453125 0.5234375 0.583984375 0.5234375 0.583984375 0.26667953125 0.567929314453125 0.2513487421875
2 0.421684486328125 0.282770087890625 0.419435826171875 0.261935265625 0.41157578125 0.256729908203125 0.39360703125 0.263671875 0.388671875 0.269123767578125 0.388671875 0.367848419921875 0.396974888671875 0.473743302734375 0.396974888671875 0.51540848046875 0.403431560546875 0.525390625 0.424208279296875 0.525390625 0.427734375 0.519942509765625 0.427734375 0.467217876953125 0.426176673828125 0.4563816953125 0.421684486328125 0.282770087890625
2 0.46080803515625 0.2414384921875 0.450509740234375 0.2414384921875 0.427734375 0.25329555078125 0.427734375 0.342292451171875 0.4337735390625 0.4178317109375 0.4337735390625 0.46921055859375 0.4389226875 0.520589404296875 0.4425322890625 0.525390625 0.449050091796875 0.525390625 0.470703125 0.524238078125 0.470703125 0.34770846484375 0.46466842578125 0.24657329296875 0.46080803515625 0.2414384921875
2 0.6015625 0.555448779296875 0.6015625 0.8515625 0.610087302734375 0.8515625 0.63359375 0.808841546875 0.636722322265625 0.7843780859375 0.640625 0.77477275 0.640625 0.569714408203125 0.63515803515625 0.555448779296875 0.6015625 0.555448779296875