2 0.267337611328125 0.930878349609375 0.262454798828125 0.930878349609375 0.255859375 0.9456217734375 0.255859375 0.979126455078125 0.257546623046875 0.986328125 0.258256958984375 0.986328125 0.2685597109375 0.98469977734375 0.271484375 0.98053906640625 0.271484375 0.947156171875 0.270998326171875 0.939561384765625 0.267337611328125 0.930878349609375
2 0.759765625 0.7736775625 0.759765625 0.8031588359375 0.772460939453125 0.807987501953125 0.78515625 0.8074688984375 0.78515625 0.784524044921875 0.761643025390625 0.7739589609375 0.759765625 0.7736775625
2 0.56640625 0.84399630078125 0.56640625 0.903371076171875 0.56845608203125 0.90625 0.570769583984375 0.90625 0.579821375 0.90483816796875 0.588478673828125 0.903101560546875 0.595703125 0.895216740234375 0.595703125 0.82345836328125 0.583530837890625 0.83712834765625 0.56640625 0.84399630078125
2 0.21680133984375 0.379259263671875 0.19921875 0.369044208984375 0.19921875 0.486809912109375 0.20117633984375 0.50408042578125 0.20619536328125 0.51171875 0.21875 0.51171875 0.21875 0.384601900390625 0.21680133984375 0.379259263671875
2 0.224609375 0.38050954296875 0.224609375 0.50606158203125 0.231639734375 0.510283154296875 0.244140625 0.509601216796875 0.244140625 0.378263841796875 0.23711473046875 0.375734046875 0.224609375 0.38050954296875
2 0.48959787109375 0.66015625 0.49928831640625 0.66015625 0.51171875 0.657560142578125 0.51171875 0.554932310546875 0.506745560546875 0.55078125 0.48828125 0.55078125 0.48828125 0.659056693359375 0.48959787109375 0.66015625
2 0.55859375 0.5505708984375 0.55859375 0.631731333984375 0.564453125 0.63658934375 0.58984375 0.669160388671875 0.58984375 0.5524829140625 0.581540181640625 0.5505708984375 0.55859375 0.5505708984375
2 0.6953125 0.34297544921875 0.6953125 0.509765625 0.69754531640625 0.509765625 0.720703125 0.5083899296875 0.720703125 0.387713671875 0.715894224609375 0.37435828125 0.6953125 0.34297544921875
2 0.36328125 0.551791654296875 0.36328125 0.687538326171875 0.36435757421875 0.689453125 0.38417278125 0.689453125 0.392578125 0.68902607421875 0.392578125 0.55328092578125 0.39257805078125 0.553280134765625 0.36328125 0.551791654296875
2 0.259770087890625 0.358828765625 0.251953125 0.36194887109375 0.251953125 0.50969453515625 0.255859376953125 0.513125640625 0.279296875 0.511915205078125 0.279296875 0.362255951171875 0.275395087890625 0.358828765625 0.259770087890625 0.358828765625
2 0.431640625 0.548828125 0.400390625 0.548828125 0.400390625 0.681640625 0.431640625 0.681640625 0.431640625 0.548828125
2 0.2998046875 0.343425224609375 0.2919921875 0.343425224609375 0.283206474609375 0.355577009765625 0.2890636171875 0.449327009765625 0.2890636171875 0.50141183203125 0.293697240234375 0.51953125 0.303305244140625 0.51953125 0.310550224609375 0.518773439453125 0.3125 0.5014217734375 0.3125 0.50139048046875 0.3046886171875 0.352103796875 0.2998046875 0.343425224609375
2 0.458302376953125 0.6796875 0.4752784375 0.6789296875 0.4765625 0.678383640625 0.4765625 0.55502319140625 0.473870806640625 0.552734375 0.443359375 0.552734375 0.443359375 0.6796875 0.458302376953125 0.6796875
2 0.326171875 0.549698748046875 0.326171875 0.669538400390625 0.328685267578125 0.702556626953125 0.33147863671875 0.73003580078125 0.339845982421875 0.73003580078125 0.351006697265625 0.702556626953125 0.353515625 0.70049764453125 0.353515625 0.561370357421875 0.34402965625 0.549698748046875 0.326171875 0.549698748046875
2 0.34254390625 0.341032189453125 0.319565470703125 0.3479041953125 0.314453125 0.344846365234375 0.314453125 0.4277859375 0.315258654296875 0.4354957421875 0.315258654296875 0.4904585234375 0.3181342421875 0.511065701171875 0.326747873046875 0.52137370703125 0.34765625 0.519902529296875 0.34765625 0.36459699609375 0.346857287109375 0.3496221953125 0.34254390625 0.341032189453125
2 0.683643443359375 0.542973931640625 0.65234375 0.542973931640625 0.65234375 0.68044712109375 0.677270236328125 0.7029639140625 0.684559166015625 0.70703125 0.689453125 0.70703125 0.689453125 0.551303767578125 0.683643443359375 0.542973931640625
2 0.3515625 0.315690712890625 0.3515625 0.515792984375 0.355531759765625 0.51953125 0.372206607421875 0.51953125 0.38671875 0.518937322265625 0.38671875 0.309297220703125 0.378361609375 0.30143526953125 0.3515625 0.315690712890625
2 0.294140625 0.724609375 0.28984375 0.707247767578125 0.283400892578125 0.571828125 0.28125 0.547524552734375 0.2780285703125 0.54231473046875 0.2629870546875 0.54231473046875 0.26171875 0.5443658828125 0.26171875 0.600127861328125 0.266213392578125 0.641274552734375 0.27265625 0.662109375 0.27265625 0.700301337890625 0.287697767578125 0.86697098046875 0.279104017578125 0.915578125 0.28125 0.9676629453125 0.284127037109375 0.978515625 0.294919052734375 0.978515625 0.2984375 0.978078125 0.30078125 0.95724614453125 0.30078125 0.910687703125 0.294140625 0.8114129453125 0.294140625 0.724609375
2 0.470703125 0.38985120703125 0.4748729609375 0.418991751953125 0.478980232421875 0.51751705078125 0.48361334765625 0.521484375 0.505077615234375 0.521484375 0.5078125 0.521304314453125 0.5078125 0.23650703125 0.507768736328125 0.236020078125 0.491985810546875 0.228515625 0.48396701171875 0.228515625 0.470703125 0.231758955078125 0.470703125 0.38985120703125
2 0.388671875 0.436629076171875 0.394738205078125 0.517542626953125 0.397522134765625 0.5234375 0.42578125 0.5234375 0.42578125 0.316012927734375 0.422493634765625 0.2742655234375 0.417382974609375 0.271484375 0.409292490234375 0.271484375 0.388671875 0.28628883203125 0.388671875 0.436629076171875
2 0.580133044921875 0.227320314453125 0.576119482421875 0.22211495703125 0.546875 0.21578090625 0.546875 0.353642779296875 0.5480611953125 0.373155134765625 0.55340650390625 0.397463169921875 0.556076103515625 0.5085703125 0.56210211328125 0.51953125 0.5765552109375 0.51953125 0.58280264453125 0.51898995703125 0.583984375 0.517966544921875 0.583984375 0.369648646484375 0.58280264453125 0.36273995703125 0.580133044921875 0.227320314453125
2 0.321044921875 0.671766740234375 0.312744140625 0.550239955078125 0.295103794921875 0.545030134765625 0.29296875 0.54860487890625 0.29296875 0.59823837890625 0.30029296875 0.723851564453125 0.29822014453125 0.74468191796875 0.304443359375 0.81412834765625 0.304443359375 0.88704352734375 0.30859375 0.9460703125 0.313977837890625 0.955078125 0.31534897265625 0.955078125 0.32421875 0.931328052734375 0.32421875 0.74427540625 0.321044921875 0.72037834765625 0.321044921875 0.671766740234375
2 0.460764814453125 0.25152008984375 0.452682021484375 0.246310267578125 0.427734375 0.2565491875 0.427734375 0.32978042578125 0.43537155078125 0.42860491015625 0.437682427734375 0.515408482421875 0.44114346484375 0.5206183046875 0.44977644921875 0.521484375 0.462504400390625 0.521484375 0.470703125 0.51972228515625 0.470703125 0.393975267578125 0.4630704140625 0.265408482421875 0.460764814453125 0.25152008984375
2 0.642578125 0.243269931640625 0.642578125 0.48625328515625 0.6443498515625 0.511827009765625 0.6489425625 0.513671875 0.681384501953125 0.513671875 0.683271876953125 0.513563615234375 0.68359375 0.512511302734375 0.68359375 0.274937326171875 0.663085939453125 0.2531484375 0.642578125 0.243269931640625
2 0.7203528828125 0.58170647265625 0.7203528828125 0.546983259765625 0.701171875 0.54546449609375 0.701171875 0.684454177734375 0.70188697265625 0.696286830078125 0.70419257421875 0.856010044921875 0.70993176953125 0.875 0.710755830078125 0.875 0.722658482421875 0.87337165234375 0.7376633515625 0.871635044921875 0.744140625 0.86467579296875 0.744140625 0.815269419921875 0.7365079140625 0.78656808203125 0.734202314453125 0.75531808203125 0.744140625 0.75698029296875 0.744140625 0.716123662109375 0.7295858359375 0.67545647265625 0.7203528828125 0.58170647265625
2 0.6381147734375 0.550672990234375 0.63062905078125 0.545463169921875 0.611374466796875 0.545463169921875 0.6015625 0.552705419921875 0.6015625 0.7190976875 0.60603031640625 0.842338169921875 0.608050412109375 0.85546875 0.612869701171875 0.85546875 0.63383651953125 0.818034599609375 0.642578125 0.789661591796875 0.642578125 0.684863900390625 0.640256345703125 0.568034599609375 0.6381147734375 0.550672990234375
2 0.61694196484375 0.226029201171875 0.58984375 0.226029201171875 0.58984375 0.34502284375 0.59375 0.51057767578125 0.59741071484375 0.51575281640625 0.625491072265625 0.51747786328125 0.63671875 0.5160353046875 0.63671875 0.34364103515625 0.6328125 0.234650001953125 0.61694196484375 0.226029201171875