2 0.412109375 0.693359375 0.401547328125 0.693359375 0.39453125 0.702714412109375 0.39453125 0.748046875 0.412109375 0.748046875 0.412109375 0.693359375
2 0.187013392578125 0.2862433046875 0.1801785703125 0.284506697265625 0.18115625 0.3799933046875 0.187013392578125 0.39735491015625 0.187013392578125 0.419921875 0.1907802421875 0.419921875 0.18896875 0.39735491015625 0.19140625 0.37785491015625 0.19140625 0.35479341015625 0.187013392578125 0.3209620546875 0.187013392578125 0.2862433046875
2 0.4939012265625 0.65355640625 0.469733818359375 0.633946623046875 0.465334263671875 0.616124544921875 0.462890625 0.614707841796875 0.462890625 0.665566306640625 0.48565009375 0.6796875 0.494140625 0.6796875 0.494140625 0.6535841640625 0.4939012265625 0.65355640625
2 0.380859375 0.67578125 0.386944802734375 0.67578125 0.40625 0.6529851796875 0.40625 0.64291627734375 0.391458435546875 0.5872373203125 0.397766421875 0.56674876171875 0.40625 0.57175787109375 0.40625 0.541015625 0.380859375 0.541015625 0.380859375 0.67578125
2 0.228336314453125 0.697265625 0.24609375 0.697265625 0.24609375 0.524020681640625 0.2459997734375 0.523895869140625 0.2419723203125 0.5234375 0.2265625 0.5234375 0.2265625 0.694909787109375 0.228336314453125 0.697265625
2 0.36661886328125 0.538088169921875 0.35181008203125 0.534614955078125 0.349609375 0.53822568359375 0.349609375 0.56115841796875 0.354982701171875 0.6023203125 0.3634462421875 0.6335703125 0.3634462421875 0.661351564453125 0.349609375 0.697036958984375 0.349609375 0.726510189453125 0.35105650390625 0.73046875 0.363611228515625 0.73046875 0.373046875 0.7118946875 0.373046875 0.642411443359375 0.37190978515625 0.56412834765625 0.36661886328125 0.538088169921875
2 0.248781248046875 0.287773240234375 0.2421875 0.291389494140625 0.2421875 0.380081544921875 0.24365625 0.394097455078125 0.24365625 0.4548541484375 0.2470703125 0.48523249609375 0.265625 0.49133812890625 0.265625 0.29341017578125 0.262453123046875 0.287773240234375 0.248781248046875 0.287773240234375
2 0.17529296875 0.28154839453125 0.171083146484375 0.276234837890625 0.161258091796875 0.28154839453125 0.161258091796875 0.30633587890625 0.157041853515625 0.308107064453125 0.15283203125 0.3027980625 0.15283203125 0.2780060234375 0.1484375 0.27562938671875 0.1484375 0.40452047265625 0.151426619140625 0.410808486328125 0.157041853515625 0.410808486328125 0.159852677734375 0.400181375 0.1640625 0.40195255859375 0.1640625 0.423202228515625 0.172488560546875 0.43736715625 0.172488560546875 0.4692393828125 0.175967638671875 0.470703125 0.1796875 0.470703125 0.1796875 0.386863337890625 0.17529296875 0.28154839453125
2 0.419921875 0.5376551328125 0.419921875 0.7067518984375 0.420872826171875 0.71875 0.42906805078125 0.71875 0.43828272265625 0.702583705078125 0.440759548828125 0.671333705078125 0.44921875 0.649958546875 0.44921875 0.54105434765625 0.439521134765625 0.5376551328125 0.419921875 0.5376551328125
2 0.21529958984375 0.5206183046875 0.20007052734375 0.529296875 0.206841578125 0.636935267578125 0.197265625 0.659844951171875 0.197265625 0.76171875 0.20019717578125 0.76171875 0.20514687890625 0.753256697265625 0.225460033203125 0.75672991015625 0.2265625 0.755599146484375 0.2265625 0.585562376953125 0.223765337890625 0.5397120546875 0.21529958984375 0.5206183046875
2 0.29414150390625 0.27246316796875 0.28639544140625 0.26725334765625 0.273114310546875 0.274195314453125 0.26953125 0.279816171875 0.26953125 0.342586708984375 0.27200628515625 0.418293525390625 0.278649380859375 0.49468191796875 0.282221142578125 0.498046875 0.298574828125 0.498046875 0.298828125 0.493681505859375 0.298828125 0.389375583984375 0.2963575546875 0.30023995703125 0.29414150390625 0.27246316796875
2 0.302734375 0.261213994140625 0.302734375 0.49143153125 0.312434669921875 0.49797515625 0.33203125 0.4970946640625 0.33203125 0.270807591796875 0.327284755859375 0.261213994140625 0.302734375 0.261213994140625
2 0.203613791015625 0.4921875 0.2088113984375 0.4921875 0.21607927734375 0.4786940859375 0.21607927734375 0.422628232421875 0.209285943359375 0.391090064453125 0.2177717890625 0.38583219921875 0.226265396484375 0.40861176953125 0.229665947265625 0.4892098125 0.234475859375 0.4921875 0.240234375 0.4921875 0.240234375 0.295648564453125 0.2194720625 0.292970314453125 0.2194720625 0.38057884375 0.214379 0.382331462890625 0.209285943359375 0.3770736015625 0.202492607421875 0.28946507421875 0.197708322265625 0.28125 0.1953125 0.28125 0.1953125 0.487431302734375 0.203613791015625 0.4921875
2 0.43334821484375 0.30219308203125 0.41015625 0.28240119140625 0.41015625 0.3548276171875 0.412600447265625 0.38726004296875 0.4150390625 0.50531808203125 0.418562783203125 0.513671875 0.4244073828125 0.513671875 0.44921875 0.512260044921875 0.44921875 0.4323984375 0.446780134765625 0.328233259765625 0.43334821484375 0.30219308203125
2 0.333984375 0.5043605234375 0.3381094921875 0.5078125 0.37109375 0.5078125 0.37109375 0.26709575 0.36179980859375 0.25 0.338660341796875 0.25 0.333984375 0.25130324609375 0.333984375 0.5043605234375
2 0.392905255859375 0.2605234375 0.37109375 0.25456078515625 0.37109375 0.439879201171875 0.37456597265625 0.501844865234375 0.381004533203125 0.509765625 0.394547701171875 0.509765625 0.40625 0.5090796171875 0.40625 0.289176134765625 0.40560218359375 0.2761484375 0.392905255859375 0.2605234375