2 0.255859375 0.986328125 0.271484375 0.986328125 0.271484375 0.932078060546875 0.269977751953125 0.9296875 0.261254171875 0.9296875 0.255859375 0.937754650390625 0.255859375 0.986328125
2 0.76705215234375 0.766415146484375 0.759765625 0.763177615234375 0.759765625 0.802535828125 0.77033540625 0.814453125 0.78515625 0.814453125 0.78515625 0.790528953125 0.76705215234375 0.766415146484375
2 0.56640625 0.84294875 0.56640625 0.90625 0.57650114453125 0.90625 0.57969132421875 0.90578925390625 0.589259865234375 0.9040119453125 0.595703125 0.897500302734375 0.595703125 0.824105275390625 0.583791234375 0.836492513671875 0.56640625 0.84294875
2 0.215628794921875 0.379259263671875 0.19921875 0.36804298828125 0.19921875 0.47160598046875 0.202347544921875 0.50408042578125 0.206613716796875 0.51171875 0.21875 0.51171875 0.21875 0.389326791015625 0.215628794921875 0.379259263671875
2 0.224609375 0.37845105078125 0.224609375 0.508306404296875 0.23144419921875 0.512248162109375 0.244140625 0.51158296484375 0.244140625 0.376154875 0.237310265625 0.3737928046875 0.224609375 0.37845105078125
2 0.489823171875 0.66015625 0.5032689609375 0.66015625 0.51171875 0.6581263203125 0.51171875 0.555321068359375 0.506990333984375 0.55078125 0.48828125 0.55078125 0.48828125 0.65867503515625 0.489823171875 0.66015625
2 0.55859375 0.55253019140625 0.55859375 0.630291724609375 0.565185546875 0.636026904296875 0.58984375 0.66922061328125 0.58984375 0.5546693203125 0.58099107421875 0.55253019140625 0.55859375 0.55253019140625
2 0.6953125 0.3436852421875 0.6953125 0.506065890625 0.7196557421875 0.5045019296875 0.720703125 0.504354123046875 0.720703125 0.3932895859375 0.714993205078125 0.376139625 0.6953125 0.3436852421875
2 0.36328125 0.689453125 0.387417880859375 0.689453125 0.392578125 0.689280638671875 0.392578125 0.553025576171875 0.36328125 0.552046294921875 0.36328125 0.689453125
2 0.27120886328125 0.35785491015625 0.26228029296875 0.35785491015625 0.251953125 0.36515979296875 0.251953125 0.4424322734375 0.25669866015625 0.50889508984375 0.25976740625 0.513671875 0.264777021484375 0.513671875 0.27902008984375 0.512368302734375 0.279296875 0.506777541015625 0.279296875 0.436785587890625 0.2745558046875 0.363064732421875 0.27120886328125 0.35785491015625
2 0.431640625 0.548828125 0.400390625 0.548828125 0.400390625 0.681640625 0.431640625 0.681640625 0.431640625 0.548828125
2 0.283203125 0.51057837109375 0.287783376953125 0.51953125 0.3125 0.51953125 0.3125 0.354409474609375 0.311982029296875 0.349461263671875 0.30335326171875 0.341796875 0.283859462890625 0.341796875 0.283203125 0.342250650390625 0.283203125 0.51057837109375
2 0.443359375 0.55613883203125 0.443359375 0.676572779296875 0.47394650390625 0.6751682734375 0.4765625 0.67402396875 0.4765625 0.560059505859375 0.4720800546875 0.55613883203125 0.443359375 0.55613883203125
2 0.326171875 0.55361427734375 0.326171875 0.726138830078125 0.339845982421875 0.726138830078125 0.353515625 0.706624625 0.353515625 0.558441533203125 0.346749044921875 0.55361427734375 0.326171875 0.55361427734375
2 0.31634834375 0.3514941875 0.314453125 0.350646951171875 0.314453125 0.507248796875 0.3145163515625 0.50758744140625 0.325541908203125 0.5174488984375 0.34765625 0.516285923828125 0.34765625 0.347740771484375 0.34576103515625 0.344919880859375 0.31634834375 0.3514941875
2 0.65234375 0.546869818359375 0.65234375 0.680506916015625 0.678503009765625 0.6993798359375 0.689453125 0.70425998828125 0.689453125 0.55069845703125 0.6861096953125 0.546869818359375 0.65234375 0.546869818359375
2 0.3815127734375 0.34136383984375 0.37944878515625 0.31011383984375 0.37429352734375 0.30143526953125 0.3515625 0.323072654296875 0.3515625 0.38348837109375 0.354709201171875 0.4073370546875 0.35883246484375 0.514975447265625 0.361535669921875 0.51953125 0.37085396875 0.51953125 0.385636037109375 0.518448662109375 0.38671875 0.502018232421875 0.38671875 0.47732953515625 0.383572048828125 0.44552901953125 0.3815127734375 0.34136383984375
2 0.2947265625 0.724609375 0.290234375 0.707247767578125 0.28349866015625 0.571828125 0.28125 0.547524552734375 0.277882142578125 0.54231473046875 0.262156919921875 0.54231473046875 0.26171875 0.542992546875 0.26171875 0.60790181640625 0.26552991015625 0.641274552734375 0.272265625 0.662109375 0.272265625 0.700301337890625 0.28799084765625 0.86697098046875 0.27900647265625 0.915578125 0.28125 0.9676629453125 0.284257810546875 0.978515625 0.295540373046875 0.978515625 0.29921875 0.978078125 0.30078125 0.964793962890625 0.30078125 0.897992720703125 0.2947265625 0.8114129453125 0.2947265625 0.724609375
2 0.470703125 0.2401348984375 0.470703125 0.391904001953125 0.474513328125 0.416336900390625 0.47872328515625 0.509002822265625 0.485043041015625 0.5139684375 0.5078125 0.512592880859375 0.5078125 0.244063873046875 0.489262626953125 0.23597066796875 0.470703125 0.2401348984375
2 0.388671875 0.444752705078125 0.394275654296875 0.515733259765625 0.3981069921875 0.5234375 0.415592693359375 0.5234375 0.42578125 0.522853595703125 0.42578125 0.30897480078125 0.42305910546875 0.2761484375 0.41403396484375 0.271484375 0.4121926171875 0.271484375 0.388671875 0.28752070703125 0.388671875 0.444752705078125
2 0.547856556640625 0.3986117578125 0.551758224609375 0.513980080078125 0.556053849609375 0.51953125 0.583984375 0.51953125 0.583984375 0.219240580078125 0.581051986328125 0.21653859765625 0.5573451484375 0.212890625 0.546875 0.212890625 0.546875 0.395440490234375 0.547856556640625 0.3986117578125
2 0.29296875 0.544474806640625 0.29296875 0.658707875 0.2978515625 0.723724861328125 0.2951690859375 0.744654095703125 0.30322265625 0.814430173828125 0.30322265625 0.887691466796875 0.30859375 0.946998443359375 0.314813947265625 0.955078125 0.31780282421875 0.955078125 0.32421875 0.9417400078125 0.32421875 0.66584263671875 0.31396484375 0.54928915234375 0.29296875 0.544474806640625
2 0.468312703125 0.250583451171875 0.454945009765625 0.245336767578125 0.427734375 0.25213709765625 0.427734375 0.461360552734375 0.43013798828125 0.516338958984375 0.43575153125 0.521484375 0.470703125 0.521484375 0.470703125 0.259351626953125 0.468312703125 0.250583451171875
2 0.642578125 0.24389575390625 0.642578125 0.475689052734375 0.644954263671875 0.5108796171875 0.651729158203125 0.513671875 0.664474736328125 0.513671875 0.682620693359375 0.5126039375 0.68359375 0.509339896484375 0.68359375 0.276387236328125 0.663085939453125 0.254031330078125 0.642578125 0.24389575390625
2 0.703439033203125 0.875 0.744018791015625 0.875 0.744140625 0.87490322265625 0.744140625 0.7947933828125 0.741834619140625 0.788382458984375 0.73864225 0.756392328125 0.744140625 0.7570722265625 0.744140625 0.699201751953125 0.732250203125 0.674639263671875 0.71946611328125 0.578668873046875 0.71946611328125 0.544921875 0.701171875 0.544921875 0.701171875 0.8694538515625 0.703439033203125 0.875
2 0.6015625 0.85546875 0.606173755859375 0.85546875 0.642578125 0.821830001953125 0.642578125 0.544921875 0.6015625 0.544921875 0.6015625 0.85546875
2 0.59375 0.512426787109375 0.59734568359375 0.517578125 0.63671875 0.517578125 0.63671875 0.34325271484375 0.6328125 0.232800890625 0.617931705078125 0.224609375 0.58984375 0.224609375 0.58984375 0.344653046875 0.59375 0.512426787109375