2 0.615234375 0.40657477734375 0.6023424140625 0.40657477734375 0.595703125 0.40944446484375 0.595703125 0.431640625 0.615234375 0.431640625 0.615234375 0.40657477734375
2 0.650390625 0.4140625 0.626953125 0.4140625 0.626953125 0.439453125 0.650390625 0.439453125 0.650390625 0.4140625
2 0.880859375 0.412244271484375 0.880859375 0.432012580078125 0.91015625 0.431108005859375 0.91015625 0.417453697265625 0.887959765625 0.41174594140625 0.880859375 0.412244271484375
2 0.798828125 0.43343534375 0.821709822265625 0.43424553515625 0.826171875 0.431876986328125 0.826171875 0.41226181640625 0.798828125 0.415166150390625 0.798828125 0.43343534375
2 0.546875 0.744140625 0.564093216796875 0.744140625 0.564453125 0.744121240234375 0.564453125 0.695372013671875 0.546875 0.69844533203125 0.546875 0.744140625
2 1 0.5226970078125 0.98828125 0.516489669921875 0.98828125 0.63671875 0.99280536328125 0.63671875 1 0.632061576171875 1 0.5226970078125
2 0.572265625 0.63862155859375 0.572265625 0.736126662109375 0.57235390625 0.736328125 0.58123419140625 0.734591517578125 0.59375 0.73051131640625 0.59375 0.635775427734375 0.593661720703125 0.6356316953125 0.572265625 0.63862155859375
2 0.5821219453125 0.4543203125 0.56640625 0.4543203125 0.56640625 0.560233681640625 0.585785919921875 0.568359375 0.587890625 0.568359375 0.587890625 0.458349814453125 0.5821219453125 0.4543203125
2 0.603515625 0.62225071484375 0.603515625 0.724609375 0.609469798828125 0.724609375 0.621750744140625 0.72341852734375 0.626953125 0.722030830078125 0.626953125 0.613106904296875 0.6266316953125 0.6105703125 0.603515625 0.62225071484375
2 0.59765625 0.460550921875 0.59765625 0.57085940625 0.59772226953125 0.570933927734375 0.6177699921875 0.572265625 0.619140625 0.572265625 0.619140625 0.46182798828125 0.59765625 0.460550921875
2 0.80078125 0.463313876953125 0.80078125 0.670849412109375 0.8021222109375 0.67327476171875 0.8148175234375 0.67327476171875 0.81640625 0.681877646484375 0.82275390625 0.685320572265625 0.83203125 0.681967203125 0.83203125 0.4784573125 0.8211651796875 0.463313876953125 0.80078125 0.463313876953125
2 0.65562018359375 0.4615870546875 0.62890625 0.458254509765625 0.62890625 0.565228474609375 0.634134693359375 0.6334620546875 0.634134693359375 0.6924933046875 0.6366651171875 0.71332366015625 0.6399824609375 0.71484375 0.650645751953125 0.71484375 0.662109375 0.711345833984375 0.662109375 0.5711824765625 0.65941004296875 0.49457366015625 0.65562018359375 0.4615870546875
2 0.6805047109375 0.45768526953125 0.666015625 0.46581825390625 0.666015625 0.49802462109375 0.67122619140625 0.667752232421875 0.6732901796875 0.702475447265625 0.6759933828125 0.70703125 0.682981513671875 0.70703125 0.693906498046875 0.705948662109375 0.701171875 0.699828701171875 0.701171875 0.66211127734375 0.6959657734375 0.46636383984375 0.6805047109375 0.45768526953125
2 0.880859375 0.683826369140625 0.881946677734375 0.6835261640625 0.916015625 0.68186694140625 0.916015625 0.4599742421875 0.880859375 0.4599742421875 0.880859375 0.683826369140625
2 0.70703125 0.693037642578125 0.7427010390625 0.6913930234375 0.744140625 0.690889044921875 0.744140625 0.463244111328125 0.70703125 0.463244111328125 0.70703125 0.693037642578125
2 0.927734375 0.45768526953125 0.927734375 0.64453125 0.930131609375 0.64453125 0.938807849609375 0.643448662109375 0.974609375 0.636002107421875 0.974609375 0.479466080078125 0.9589034609375 0.45768526953125 0.927734375 0.45768526953125
2 0.751953125 0.686247603515625 0.752624333984375 0.68751859375 0.78094353125 0.685825724609375 0.7890625 0.682752111328125 0.7890625 0.463946017578125 0.751953125 0.461139703125 0.751953125 0.686247603515625