2 0.216796875 0.55270048046875 0.21989562890625 0.57289233203125 0.2265625 0.578963779296875 0.2265625 0.50440725390625 0.216796875 0.503518259765625 0.216796875 0.55270048046875
2 0.1640625 0.2886655546875 0.1640625 0.36556848046875 0.173828125 0.369983330078125 0.173828125 0.294238240234375 0.172466607421875 0.289930615234375 0.1640625 0.2886655546875
2 0.157815759765625 0.318230072265625 0.150390625 0.316567078125 0.150390625 0.407235490234375 0.157815759765625 0.42053515625 0.16015625 0.4213211484375 0.16015625 0.3872179921875 0.157815759765625 0.386432 0.157815759765625 0.318230072265625
2 0.496260044921875 0.721573662109375 0.49284337890625 0.72677901953125 0.490234375 0.758585443359375 0.490234375 0.78530785546875 0.491415833984375 0.787109375 0.49313821875 0.787109375 0.497400669921875 0.78581026953125 0.513671875 0.745520111328125 0.513671875 0.72974406640625 0.512207962890625 0.721573662109375 0.496260044921875 0.721573662109375
2 0.396484375 0.80859375 0.37331885546875 0.80859375 0.37109375 0.81045954296875 0.37109375 0.8671875 0.396484375 0.8671875 0.396484375 0.80859375
2 0.283203125 0.498046875 0.26171875 0.498046875 0.26171875 0.583984375 0.283203125 0.583984375 0.283203125 0.498046875
2 0.328125 0.510980919921875 0.328125 0.595703125 0.3515625 0.595703125 0.3515625 0.5106316953125 0.32845237890625 0.5106316953125 0.328125 0.510980919921875
2 0.187657216796875 0.455078125 0.19921875 0.455078125 0.19921875 0.303344541015625 0.194140625 0.297470078125 0.194140625 0.272158501953125 0.182281107421875 0.265625 0.1796875 0.265625 0.1796875 0.43254574609375 0.187657216796875 0.455078125
2 0.219240513671875 0.282986607421875 0.21606789453125 0.267361607421875 0.20548605078125 0.263888392578125 0.201171875 0.26814032421875 0.201171875 0.3432770859375 0.208663505859375 0.460071427734375 0.213949591796875 0.46875 0.221358818359375 0.470486607421875 0.224609375 0.4598184921875 0.224609375 0.42182401953125 0.221358818359375 0.38715178515625 0.219240513671875 0.282986607421875
2 0.234375 0.496657404296875 0.234375 0.638633859375 0.236979166015625 0.644638984375 0.236979166015625 0.711192037109375 0.24287830859375 0.71875 0.251598189453125 0.71875 0.255208333984375 0.718195015625 0.2578125 0.7177946796875 0.2578125 0.51303512109375 0.255208333984375 0.501026158203125 0.234375 0.496657404296875
2 0.4375 0.489352955078125 0.462890625 0.488249798828125 0.462890625 0.334224029296875 0.4375 0.310118796875 0.4375 0.489352955078125
2 0.242810810546875 0.267036830078125 0.2265625 0.267036830078125 0.2265625 0.4651175234375 0.235407755859375 0.470703125 0.248046875 0.470703125 0.248046875 0.270339669921875 0.242810810546875 0.267036830078125
2 0.36328125 0.631349623046875 0.383550224609375 0.668653021484375 0.39453125 0.6817593984375 0.39453125 0.517568666015625 0.36328125 0.517568666015625 0.36328125 0.631349623046875
2 0.28125 0.26953125 0.251953125 0.26953125 0.251953125 0.474609375 0.28125 0.474609375 0.28125 0.26953125
2 0.31208147265625 0.24809490234375 0.302805642578125 0.242841986328125 0.286901625 0.249845875 0.28515625 0.25215007421875 0.28515625 0.378934966796875 0.2882284765625 0.4546511328125 0.29424753125 0.478515625 0.3125 0.478515625 0.3125 0.253346404296875 0.31208147265625 0.24809490234375
2 0.294921875 0.508154560546875 0.294921875 0.758778892578125 0.303260205078125 0.768136705078125 0.322265625 0.766964611328125 0.322265625 0.5210868515625 0.31605826953125 0.508154560546875 0.294921875 0.508154560546875
2 0.341581099609375 0.23274665234375 0.330727927734375 0.23274665234375 0.3198797109375 0.2362198671875 0.31640625 0.246221150390625 0.31640625 0.297938732421875 0.3231336796875 0.456706474609375 0.328560267578125 0.48274665234375 0.34992738671875 0.484375 0.3513515234375 0.484375 0.3515625 0.477953888671875 0.3515625 0.377885486328125 0.3448350703125 0.23795647265625 0.341581099609375 0.23274665234375
2 0.44445628515625 0.678776962890625 0.443359375 0.6849791484375 0.443359375 0.80078125 0.456464123046875 0.80078125 0.47374810546875 0.793942947265625 0.4765625 0.791049810546875 0.4765625 0.58887609375 0.46513703515625 0.56537876953125 0.461686302734375 0.519311462890625 0.446151455078125 0.515625 0.443359375 0.515625 0.443359375 0.675770416015625 0.44445628515625 0.678776962890625
2 0.423096541015625 0.263780134765625 0.392578125 0.24708435546875 0.392578125 0.330285716796875 0.395021763671875 0.36621316796875 0.395021763671875 0.466905134765625 0.3974659609375 0.480793525390625 0.40272565234375 0.48828125 0.42289311328125 0.48828125 0.431640625 0.487740267578125 0.431640625 0.332571275390625 0.429201451171875 0.27593191796875 0.423096541015625 0.263780134765625
2 0.353515625 0.4829435703125 0.390625 0.485336701171875 0.390625 0.23763593359375 0.353515625 0.233217458984375 0.353515625 0.4829435703125
2 0.40234375 0.84234426953125 0.409180015625 0.84234426953125 0.413090599609375 0.8184703046875 0.435546875 0.787658875 0.435546875 0.65989520703125 0.424804490234375 0.641140904296875 0.424804490234375 0.624089326171875 0.4306614375 0.618972537109375 0.435546875 0.619581728515625 0.435546875 0.520173314453125 0.40234375 0.5212472890625 0.40234375 0.84234426953125