2 0.39453125 0.706250578125 0.39453125 0.747495552734375 0.412109375 0.746419265625 0.412109375 0.696717560546875 0.40332254296875 0.6960274140625 0.39453125 0.706250578125
2 0.186862994140625 0.2862433046875 0.1796875 0.28484908984375 0.1796875 0.381089712890625 0.186862994140625 0.39735491015625 0.186862994140625 0.419921875 0.19140625 0.419921875 0.19140625 0.416277728515625 0.189419947265625 0.39735491015625 0.19140625 0.385203158203125 0.19140625 0.347719396484375 0.186862994140625 0.3209620546875 0.186862994140625 0.2862433046875
2 0.464235630859375 0.618339076171875 0.462890625 0.61767562109375 0.462890625 0.664598876953125 0.490416994140625 0.679130142578125 0.494140625 0.678897083984375 0.494140625 0.652121673828125 0.469001814453125 0.63476635546875 0.464235630859375 0.618339076171875
2 0.380859375 0.673484369140625 0.385672212890625 0.673484369140625 0.404603134765625 0.6465192265625 0.39198251953125 0.5892128828125 0.3967134453125 0.570677056640625 0.4061753046875 0.57741617578125 0.40625 0.57740021484375 0.40625 0.54370758203125 0.380859375 0.54370758203125 0.380859375 0.673484369140625
2 0.243948212890625 0.52853459765625 0.2265625 0.5261569296875 0.2265625 0.68713534765625 0.232910111328125 0.697265625 0.24609375 0.697265625 0.24609375 0.531958701171875 0.243948212890625 0.52853459765625
2 0.349609375 0.537305759765625 0.349609375 0.60293660546875 0.349611607421875 0.602945685546875 0.365236607421875 0.633578904296875 0.365236607421875 0.6608118359375 0.349609375 0.682211625 0.349609375 0.730121587890625 0.365236607421875 0.72888322265625 0.373046875 0.72071973046875 0.373046875 0.54508536328125 0.371093751953125 0.5399812890625 0.349609375 0.537305759765625
2 0.2421875 0.394168123046875 0.24219196484375 0.394206474609375 0.24219196484375 0.456706474609375 0.24609375 0.487956474609375 0.265625 0.493741443359375 0.265625 0.28795219140625 0.26387713671875 0.28515625 0.247391201171875 0.28515625 0.2421875 0.287725064453125 0.2421875 0.394168123046875
2 0.159794921875 0.28154839453125 0.159794921875 0.30633587890625 0.153378908203125 0.308107064453125 0.1484375 0.30401201171875 0.1484375 0.410808486328125 0.153378908203125 0.410808486328125 0.157656248046875 0.400181375 0.1640625 0.40195255859375 0.1640625 0.423202228515625 0.176884765625 0.43736715625 0.176884765625 0.4692393828125 0.1796875 0.47001427734375 0.1796875 0.280333404296875 0.174746091796875 0.276234837890625 0.159794921875 0.28154839453125
2 0.419921875 0.71875 0.42863794921875 0.71875 0.441018349609375 0.70570876171875 0.445320314453125 0.67311946484375 0.44921875 0.667204884765625 0.44921875 0.537109375 0.419921875 0.537109375 0.419921875 0.71875
2 0.216080900390625 0.522581869140625 0.197337283203125 0.5311209609375 0.205670953125 0.6370294375 0.197265625 0.653105330078125 0.197265625 0.760040060546875 0.197337283203125 0.7600204921875 0.20358515234375 0.751481400390625 0.2265625 0.754622177734375 0.2265625 0.542182947265625 0.2265003671875 0.541368751953125 0.216080900390625 0.522581869140625
2 0.26953125 0.466150892578125 0.274228896484375 0.498046875 0.298828125 0.498046875 0.298828125 0.2666267421875 0.29630571875 0.265625 0.277513892578125 0.265625 0.26953125 0.268088728515625 0.26953125 0.466150892578125
2 0.302734375 0.4218784453125 0.307361439453125 0.49594244140625 0.312238283203125 0.501953125 0.33203125 0.501953125 0.33203125 0.323238921875 0.330278662109375 0.28078281640625 0.323529529296875 0.255859375 0.30302814453125 0.255859375 0.302734375 0.256014333984375 0.302734375 0.4218784453125
2 0.219217611328125 0.38077088671875 0.214888486328125 0.38247546484375 0.210559365234375 0.377361728515625 0.204785001953125 0.29215467578125 0.200449279296875 0.283636162109375 0.1953125 0.283636162109375 0.1953125 0.471574259765625 0.19612015625 0.48301496875 0.209114123046875 0.491533484375 0.216333728515625 0.47619665234375 0.216333728515625 0.421667642578125 0.210559365234375 0.39099398046875 0.21777237109375 0.3858802421875 0.224991974609375 0.408035390625 0.22788245703125 0.486424126953125 0.235095462890625 0.491533484375 0.240234375 0.49066928125 0.240234375 0.298665884765625 0.219217611328125 0.295563833984375 0.219217611328125 0.38077088671875
2 0.41015625 0.29139762890625 0.41015625 0.5082491171875 0.41210714453125 0.51106696484375 0.44921875 0.509780365234375 0.44921875 0.320749265625 0.43554464453125 0.304598009765625 0.41015625 0.29139762890625
2 0.333984375 0.36543635546875 0.33897404296875 0.47510728125 0.341438359375 0.503093791015625 0.344763826171875 0.5078125 0.369381900390625 0.5078125 0.37109375 0.50295648046875 0.37109375 0.44983707421875 0.368579677734375 0.42962807421875 0.363645404296875 0.26869888671875 0.357650412109375 0.25 0.34645753125 0.25 0.333984375 0.255894814453125 0.333984375 0.36543635546875
2 0.371853298828125 0.505474072265625 0.37588990625 0.509765625 0.40625 0.509765625 0.40625 0.2701415390625 0.393719369140625 0.256815095703125 0.381406849609375 0.25390625 0.37109375 0.25390625 0.37109375 0.4937596953125 0.371853298828125 0.505474072265625