2 0.30859375 0.62107977734375 0.328125 0.6219805078125 0.328125 0.594924798828125 0.30859375 0.595825802734375 0.30859375 0.62107977734375
2 0.357421875 0.60432339453125 0.33984375 0.601017021484375 0.33984375 0.6328125 0.357421875 0.6328125 0.357421875 0.60432339453125
2 0.373046875 0.603515625 0.373046875 0.657785958984375 0.3795586796875 0.66015625 0.39453125 0.66015625 0.39453125 0.603515625 0.373046875 0.603515625
2 0.2578125 0.621325083984375 0.265625 0.637640822265625 0.265625 0.671619962890625 0.2578125 0.685211619140625 0.2578125 0.762001673828125 0.2734375 0.763209978515625 0.2734375 0.5865254453125 0.2578125 0.585317140625 0.2578125 0.621325083984375
2 0.511460322265625 0.732145322265625 0.4904996484375 0.650431244140625 0.4904996484375 0.63266691796875 0.486328125 0.625741017578125 0.486328125 0.732344837890625 0.511460322265625 0.788992083984375 0.51163864453125 0.7890625 0.515625 0.7890625 0.515625 0.7407920546875 0.511460322265625 0.732145322265625
2 0.453125 0.615563615234375 0.4453125 0.6141746484375 0.4453125 0.8319972578125 0.4520145546875 0.833984375 0.453204400390625 0.833984375 0.4609375 0.801918220703125 0.4609375 0.719728794921875 0.453125 0.70584040234375 0.453125 0.615563615234375
2 0.296877232421875 0.599717634765625 0.29394866015625 0.587561384765625 0.28222991015625 0.587561384765625 0.27930133984375 0.592771205078125 0.281252232421875 0.6726328125 0.28320758984375 0.686521205078125 0.292970982421875 0.70040959765625 0.28613616015625 0.705619419921875 0.28320758984375 0.714297990234375 0.2851291953125 0.806640625 0.295718265625 0.806640625 0.298828125 0.801113962890625 0.298828125 0.801010775390625 0.29492633984375 0.717771205078125 0.296877232421875 0.599717634765625
2 0.275390625 0.346083615234375 0.275390625 0.55234734375 0.28017991015625 0.560546875 0.294921875 0.55916987109375 0.294921875 0.354026453125 0.2901370546875 0.349114318359375 0.275390625 0.346083615234375
2 0.25 0.547174181640625 0.257619640625 0.558160326171875 0.26953125 0.557099767578125 0.26953125 0.3385902109375 0.25 0.332573533203125 0.25 0.547174181640625
2 0.30078125 0.362691029296875 0.30078125 0.5530994921875 0.30631694921875 0.568359375 0.326171875 0.568359375 0.326171875 0.359997859375 0.30078125 0.362691029296875
2 0.355468751953125 0.34418303515625 0.333984375 0.349641833984375 0.333984375 0.565816572265625 0.335941962890625 0.56987946484375 0.34424329296875 0.5703125 0.357421875 0.5703125 0.357421875 0.345224759765625 0.355468751953125 0.34418303515625
2 0.40625 0.727472236328125 0.414760044921875 0.735270390625 0.419927775390625 0.7926970390625 0.40625 0.830285220703125 0.40625 0.88272765234375 0.422499841796875 0.89572796875 0.43359375 0.8951708125 0.43359375 0.61534850390625 0.40625 0.61534850390625 0.40625 0.727472236328125
2 0.365234375 0.5741476796875 0.39453125 0.573163919921875 0.39453125 0.344185478515625 0.365234375 0.343098041015625 0.365234375 0.5741476796875
2 0.44140625 0.36820858984375 0.44140625 0.58203125 0.446575828125 0.58203125 0.458146115234375 0.580948662109375 0.47265625 0.576873994140625 0.47265625 0.3968823046875 0.46995154296875 0.3917120546875 0.44140625 0.36820858984375
2 0.409719626953125 0.583984375 0.431640625 0.583984375 0.431640625 0.34077159765625 0.4057515 0.3359375 0.400390625 0.3359375 0.400390625 0.581133630859375 0.409719626953125 0.583984375
2 0.193972376953125 0.387249357421875 0.1858507265625 0.38900087890625 0.18359375 0.3855907265625 0.18359375 0.464774408203125 0.1858507265625 0.469548326171875 0.1904893984375 0.469548326171875 0.1928113828125 0.459043705078125 0.193972376953125 0.467796806640625 0.2044054140625 0.48005294921875 0.2136827578125 0.469548326171875 0.2206434140625 0.473051369140625 0.22412109375 0.467796806640625 0.22412109375 0.355730986328125 0.2299207578125 0.34347484375 0.235720423828125 0.52032892578125 0.237786171875 0.5390625 0.24609375 0.5390625 0.24609375 0.33038056640625 0.2345594296875 0.322461095703125 0.2299207578125 0.339971802734375 0.2206434140625 0.318962556640625 0.212527064453125 0.320709576171875 0.2113660703125 0.392503921875 0.20556640625 0.383746318359375 0.207888392578125 0.36624011328125 0.203249720703125 0.320709576171875 0.1978101875 0.3125 0.197090326171875 0.3125 0.193972376953125 0.317211037109375 0.193972376953125 0.387249357421875