2 0.275393974609375 0.83474665234375 0.2773448671875 0.872938615234375 0.2796015234375 0.876953125 0.28632374609375 0.876953125 0.2890636171875 0.876411830078125 0.29296875 0.86946738671875 0.29296875 0.83821463671875 0.2802734375 0.829536830078125 0.275393974609375 0.83474665234375
2 0.49609375 0.869487505859375 0.49609375 0.918118263671875 0.50045660546875 0.91964138671875 0.521484375 0.9182805234375 0.521484375 0.86891165625 0.5032263671875 0.866257458984375 0.49609375 0.869487505859375
2 0.664379234375 0.758786830078125 0.65625 0.74367304296875 0.65625 0.79202904296875 0.67278343359375 0.807398435546875 0.685384931640625 0.8282332578125 0.6875 0.829281484375 0.6875 0.777030396484375 0.6811876328125 0.76920647265625 0.664379234375 0.758786830078125
2 0.36328125 0.62640076171875 0.3708876171875 0.62890625 0.385154638671875 0.62890625 0.38671875 0.628803208984375 0.38671875 0.555268412109375 0.36328125 0.55696666796875 0.36328125 0.62640076171875
2 0.443359375 0.556203125 0.443359375 0.618317482421875 0.448983318359375 0.62109375 0.470703125 0.62109375 0.470703125 0.556203125 0.443359375 0.556203125
2 0.56640625 0.847262708984375 0.56640625 0.90694990234375 0.574804791015625 0.9059964765625 0.595703125 0.8976969609375 0.595703125 0.83436551953125 0.585223416015625 0.84477090625 0.56640625 0.847262708984375
2 0.40410444921875 0.5569388125 0.400390625 0.56152410546875 0.400390625 0.619845822265625 0.40410444921875 0.624432115234375 0.424611146484375 0.622744349609375 0.4296875 0.62117771875 0.4296875 0.562619044921875 0.4232423671875 0.5569388125 0.40410444921875 0.5569388125
2 0.2400707734375 0.360040537109375 0.23332640234375 0.35146694921875 0.224609375 0.35146694921875 0.224609375 0.4137462890625 0.2265881953125 0.4732392265625 0.234676509765625 0.507537984375 0.238178634765625 0.509765625 0.24480219921875 0.509765625 0.24609375 0.5094370859375 0.24609375 0.403706134765625 0.245465037109375 0.390912505859375 0.2400707734375 0.360040537109375
2 0.48828125 0.670381609375 0.510174849609375 0.691238341796875 0.51171875 0.6917713828125 0.51171875 0.563342013671875 0.48828125 0.563342013671875 0.48828125 0.670381609375
2 0.326171875 0.557700818359375 0.326171875 0.702081646484375 0.3327844921875 0.7048392109375 0.3515625 0.673523892578125 0.3515625 0.562610359375 0.346980541015625 0.557700818359375 0.326171875 0.557700818359375
2 0.2421875 0.669571154296875 0.2421875 0.84327484765625 0.2441401171875 0.8514923515625 0.2529252265625 0.86299827734375 0.263671875 0.863668419921875 0.263671875 0.701362412109375 0.2529252265625 0.655874728515625 0.2421875 0.669571154296875
2 0.27902008984375 0.347095658203125 0.2739996796875 0.33822476953125 0.267303251953125 0.33822476953125 0.251953125 0.3458141484375 0.251953125 0.494279083984375 0.255586416015625 0.5173665234375 0.260351767578125 0.51953125 0.279296875 0.51953125 0.279296875 0.349734875 0.27902008984375 0.347095658203125
2 0.26171875 0.554920458984375 0.26171875 0.746327400390625 0.264809427734375 0.749583404296875 0.272522427734375 0.74796076171875 0.287109375 0.738744123046875 0.287109375 0.5592728671875 0.28022368359375 0.554920458984375 0.26171875 0.554920458984375
2 0.283203125 0.46329661328125 0.287673150390625 0.514769451171875 0.29089826171875 0.5234375 0.310546875 0.5234375 0.310546875 0.366519095703125 0.309154017578125 0.316855310546875 0.298591978515625 0.3046875 0.298207685546875 0.3046875 0.283203125 0.31966420703125 0.283203125 0.46329661328125
2 0.29817919140625 0.813021685546875 0.300016001953125 0.814453125 0.32421875 0.814453125 0.32421875 0.621836123046875 0.31640915234375 0.553920353515625 0.296245388671875 0.55078125 0.294921875 0.55078125 0.294921875 0.78409623046875 0.29817919140625 0.813021685546875
2 0.34576103515625 0.315963490234375 0.314453125 0.307824416015625 0.314453125 0.50544544921875 0.3145163515625 0.506889708984375 0.3224063203125 0.5234375 0.34765625 0.5234375 0.34765625 0.3189691171875 0.34576103515625 0.315963490234375
2 0.55859375 0.557991734375 0.55859375 0.7817265078125 0.564507810546875 0.783203125 0.565020291015625 0.783203125 0.58984375 0.7491356328125 0.58984375 0.558041876953125 0.581174109375 0.555878349609375 0.55859375 0.557991734375
2 0.60742522265625 0.318467634765625 0.59472879296875 0.292422990234375 0.593751115234375 0.346244419921875 0.597657365234375 0.45040959765625 0.59570647265625 0.4538828125 0.59961272265625 0.5163828125 0.60199331640625 0.5234375 0.62909262109375 0.5234375 0.630859375 0.5233294453125 0.630859375 0.460802458984375 0.61914397265625 0.367079240234375 0.60742522265625 0.318467634765625
2 0.374515625 0.281466517578125 0.349609375 0.29622619921875 0.349609375 0.401225498046875 0.355470982421875 0.456814732421875 0.355470982421875 0.515841517578125 0.365175201171875 0.52734375 0.371752033203125 0.52734375 0.38184151953125 0.5262566953125 0.384765625 0.52539116015625 0.384765625 0.3074908046875 0.38184151953125 0.28667633984375 0.374515625 0.281466517578125
2 0.501088169921875 0.23828125 0.47265625 0.233081068359375 0.47265625 0.323072984375 0.4766710078125 0.366754462890625 0.482096353515625 0.51605803515625 0.48616381640625 0.524736607421875 0.493827654296875 0.525390625 0.507359087890625 0.525390625 0.5078125 0.524810119140625 0.5078125 0.4027011171875 0.506513517578125 0.39105803515625 0.501088169921875 0.23828125
2 0.548828125 0.25416173046875 0.548828125 0.478535205078125 0.550349455078125 0.5092246796875 0.560388638671875 0.521034697265625 0.583984375 0.519870783203125 0.583984375 0.268527705078125 0.56841815234375 0.257821470703125 0.548828125 0.25416173046875
2 0.388671875 0.4447929609375 0.392092076171875 0.476072140625 0.392092076171875 0.518939212890625 0.3979114375 0.525390625 0.427734375 0.525390625 0.427734375 0.284838791015625 0.427544978515625 0.2795900234375 0.424318638671875 0.258154189453125 0.419486296875 0.255859375 0.40199298046875 0.255859375 0.388671875 0.259549740234375 0.388671875 0.4447929609375
2 0.4630704140625 0.243736232421875 0.459609375 0.238495599609375 0.450376419921875 0.238495599609375 0.427734375 0.251914349609375 0.427734375 0.3097783828125 0.43537155078125 0.41852443359375 0.43537155078125 0.470962244140625 0.43998802734375 0.52340005078125 0.441302650390625 0.525390625 0.470703125 0.525390625 0.470703125 0.38935261328125 0.4630704140625 0.243736232421875
2 0.6015625 0.55641964453125 0.6015625 0.8515625 0.608110521484375 0.8515625 0.63515625 0.80815625 0.638675892578125 0.7838526796875 0.640625 0.77961639453125 0.640625 0.564966234375 0.6369160703125 0.55641964453125 0.6015625 0.55641964453125