1 0.2998046875 0.447265625 0.109375 0.2607421875
1 0.8974609375 0.5224609375 0.125 0.232421875
1 0.796875 0.5986328125 0.0576171875 0.1337890625
1 0.7041015625 0.6376953125 0.060546875 0.1044921875
1 0.5615234375 0.607421875 0.0693359375 0.0986328125
1 0.4365234375 0.603515625 0.0693359375 0.109375
1 0.478515625 0.5166015625 0.1630859375 0.3369140625
1 0.6123046875 0.5341796875 0.1455078125 0.3017578125
1 0.7451171875 0.46875 0.1162109375 0.2138671875
1 0.625 0.4365234375 0.1513671875 0.283203125
1 0.4296875 0.4287109375 0.1455078125 0.3212890625