1 0.2998046875 0.447265625 0.109375 0.26123046875
1 0.8974609375 0.5224609375 0.125 0.232421875
1 0.796875 0.5986328125 0.05810546875 0.13427734375
1 0.7041015625 0.6376953125 0.060546875 0.10400390625
1 0.5615234375 0.607421875 0.06884765625 0.09814453125
1 0.4365234375 0.603515625 0.06884765625 0.109375
1 0.478515625 0.5166015625 0.16357421875 0.33740234375
1 0.6123046875 0.5341796875 0.14599609375 0.30224609375
1 0.7451171875 0.46875 0.11572265625 0.21435546875
1 0.625 0.4365234375 0.15185546875 0.283203125
1 0.4296875 0.4287109375 0.14501953125 0.32177734375