1 0.279296875 0.2900390625 0.548828125 0.580078125
1 0.0693359375 0.3974609375 0.138671875 0.1787109375
1 0.458984375 0.6611328125 0.265625 0.3662109375
1 0.0654296875 0.59765625 0.130859375 0.1796875
1 0.7041015625 0.681640625 0.345703125 0.515625
1 0.5830078125 0.3583984375 0.1025390625 0.2880859375
1 0.6640625 0.2353515625 0.158203125 0.123046875
1 0.7001953125 0.435546875 0.203125 0.1650390625
1 0.8017578125 0.330078125 0.2275390625 0.1787109375
1 0.8056640625 0.484375 0.2900390625 0.1298828125
1 0.7783203125 0.5947265625 0.2880859375 0.1982421875