1 0.279296875 0.2900390625 0.5498046875 0.580078125
1 0.0693359375 0.3974609375 0.138671875 0.17822265625
1 0.458984375 0.6611328125 0.265625 0.36572265625
1 0.0654296875 0.59765625 0.130859375 0.1796875
1 0.7041015625 0.681640625 0.345703125 0.515625
1 0.5830078125 0.3583984375 0.10302734375 0.28759765625
1 0.6640625 0.2353515625 0.1572265625 0.123046875
1 0.7001953125 0.435546875 0.203125 0.16455078125
1 0.8017578125 0.330078125 0.22802734375 0.17919921875
1 0.8056640625 0.484375 0.29052734375 0.12939453125
1 0.7783203125 0.5947265625 0.28759765625 0.19775390625